66.4159	55.0946
66.5845	55.7965
59.7173	57.5538
61.86	55.1446
63.569	60.8046
58.81	55.7588
58.2015	54.6191
60.4678	57.4577
57.2029	51.8313
60.4737	57.4591
57.7728	58.7566
60.2013	57.4722
62.7968	57.4625
60.7269	53.6961
60.3145	57.4795
67.1919	57.1761
61.2184	57.0393
60.0032	57.531
62.7912	59.3892
60.1967	60.4428
59.1851	56.9051
60.1444	57.2693
62.9718	55.8104
66.143	60.3567
59.7551	55.6737
60.1182	58.2584
56.2704	57.0596
60.5107	56.3429
60.7214	57.5069
56.8824	57.0203
61.2485	51.8009
58.9244	57.3777
62.5579	55.1084
56.0237	50.0154
62.6224	56.9687
61.0666	55.1701
59.7428	56.994
60.0582	59.9535
60.4168	55.5003
61.3871	55.0423
61.731	55.1945
62.5728	57.946
60.63	56.6708
63.8559	55.8807
58.2176	63.0383
54.4056	57.7786
63.1297	57.8351
56.1574	62.1747
60.4973	57.4773
60.5284	55.6134
61.791	59.2293
55.5904	64.0401
52.6559	50.9417
60.3849	57.2396
59.8634	61.99
60.3359	58.9262
65.7455	56.7754
61.4279	59.9251
57.8496	63.1434
64.5171	59.5209
68.8015	53.3535
65.6477	57.3007
54.0029	56.3888
59.7418	53.8362
61.3545	57.4733
62.8696	54.2447
60.4157	57.4191
60.3126	49.7987
60.585	53.331
59.6179	52.9556
61.033	55.2628
59.8184	53.1473
62.0438	51.1694
60.0202	62.2079
60.3021	57.7991
51.5612	54.0643
60.6548	57.4376
59.349	62.311
60.7084	59.55
58.3728	56.3146
61.6044	53.3807
62.4452	58.4622
60.4438	57.4666
62.5709	66.0145
60.1376	57.9831
56.5148	55.7305
63.9418	53.7903
61.2799	53.7497
58.3653	65.2182
59.9808	59.6484
60.525	57.3272
60.6738	60.1356
61.1044	57.1814
57.544	56.8511
61.6329	52.9516
60.5927	57.2533
60.9286	58.6782
64.7354	57.919
60.6929	57.142
56.292	55.9223
68.0357	62.0811
70.71	60.1463
60.4294	57.4368
61.4917	60.0946
61.1508	50.322
60.3789	57.4474
55.174	58.8768
54.6031	57.0429
56.9197	55.9307
68.8712	56.8754
60.4067	57.4091
60.6809	57.2101
58.8597	62.2592
61.384	53.4167
57.6263	54.7239
59.7077	56.8196
60.1339	57.1609
60.6011	56.9426
59.3398	55.9764
59.3166	62.2725
60.9796	53.2982
71.2648	60.7541
58.5048	50.5097
52.5967	56.5687
66.0327	58.5901
60.7604	57.3951
60.4001	57.3587
59.1484	57.1087
61.3868	58.5089
64.5464	66.0478
53.8571	65.4649
55.5429	60.4551
59.762	58.6226
58.6097	56.7445
54.5235	53.9822
64.9088	57.5733
59.9123	61.6977
56.3763	55.9454
61.7717	61.3939
61.8869	57.7243
56.7188	56.0044
63.6628	53.3309
56.0362	56.7914
59.5014	63.2844
60.5876	55.064
60.4352	57.3425
60.0679	59.9545
59.6891	57.9476
61.4943	54.0976
60.4415	57.14
60.3698	57.3585
65.8199	56.8743
59.8759	58.2942
67.1269	59.0258
59.3317	53.4085
65.7985	45.3405
60.8557	59.0278
62.3004	50.805
60.19	56.9391
64.1031	59.3074
58.9658	64.0498
56.7565	57.3952
55.9078	57.0088
63.9431	58.8155
56.6609	53.7592
56.857	57.9335
66.065	61.5038
66.7639	57.1164
59.6796	52.9933
60.6111	61.7846
61.606	59.0779
60.2873	52.7864
57.1334	59.4145
60.2167	54.3919
60.51	57.3307
54.664	56.0043
58.5195	55.5011
65.174	58.9474
58.9112	53.6573
58.2057	54.3124
69.0968	55.5952
60.903	55.2436
63.2125	54.1413
60.3445	63.0598
62.8264	61.6214
57.7242	57.4073
60.409	57.4392
60.7911	57.6556
60.0665	63.889
60.0117	53.9079
63.1182	56.5466
69.5646	65.2231
61.9445	56.7491
61.3191	57.1942
56.7428	58.0005
59.0583	62.3314
60.6289	67.0243
58.5175	57.4133
63.4967	57.902
61.4615	57.4437
59.3061	57.9188
60.6933	57.6409
60.6587	57.3873
59.4084	62.9464
68.3697	58.1516
60.153	57.7183
60.3055	58.9818
61.6561	61.9007
60.7463	47.7085
61.1581	57.263
57.9712	56.8354
60.2887	59.5245
60.0039	55.7139
60.5913	57.9526
57.9773	56.8698
60.6324	54.4357
60.5958	57.3728
60.6144	57.5076
66.7472	57.0571
58.0048	56.5009
59.7802	57.6113
61.0263	57.4422
60.3855	57.518
62.4369	53.2153
59.987	59.111
57.7167	61.7095
65.8403	61.1332
56.346	48.0559
61.098	52.2819
56.9422	56.779
62.7727	57.8737
59.2804	58.4539
54.0783	62.6497
59.1823	63.9096
63.7323	54.9567
63.8078	62.9421
61.1315	56.0757
64.7103	57.3853
52.2993	59.5581
60.1187	53.1825
53.3799	56.4377
64.9034	52.8813
62.0975	56.4344
62.2407	58.3192
59.7026	64.2918
55.1291	57.6721
60.8768	61.0525
69.7959	61.4701
65.8281	58.2264
54.6632	59.9204
67.2565	56.4468
63.65	58.7401
69.6144	54.8705
53.3551	58.2247
52.6802	55.1524
55.3038	60.6418
69.6601	60.3624
58.8964	59.7435
71.6139	62.1721
60.8529	58.6311
55.7378	56.7033
58.9994	61.089
58.9344	56.3119
62.4415	51.5911
56.5483	55.1512
58.4895	57.4666
58.2777	54.267
63.9394	57.6728
60.8298	57.3748
66.3578	58.6265
62.808	56.2986
59.7421	55.4767
59.5193	57.6508
65.8103	57.225
65.9529	49.8474
60.6415	58.1386
64.1976	57.7433
58.7466	56.4953
58.918	59.5099
60.1885	57.3083
58.0561	52.8916
62.1726	57.8003
55.8817	57.6255
62.0213	57.4468
59.401	57.0095
54.1976	51.2639
59.384	57.8685
60.2667	57.5857
63.1446	56.1156
59.6481	56.7449
61.1318	58.1584
56.8546	56.4911
59.3865	57.2987
59.7017	57.5588
57.8804	57.3582
67.375	59.4081
59.2714	55.3958
59.4029	58.6701
66.8502	56.3937
62.9533	53.7542
80.1539	31.8482
80.1667	31.8542
81.4045	33.2998
80.0479	32.164
75.747	22.4976
84.4536	42.4646
79.7105	31.6002
77.9956	27.1501
79.7205	31.3318
80.1323	31.624
78.3666	26.2902
80.6131	31.2752
83.0658	36.8694
80.2482	33.5269
80.191	32.5434
80.8062	33.734
78.9833	30.4422
80.3603	32.7255
80.0865	31.2968
80.2237	31.8526
80.3959	31.5173
80.0123	31.2312
78.0927	28.5057
79.7242	32.4588
80.1551	32.0544
80.9182	31.9115
80.1931	31.7202
87.0801	47.633
82.0327	35.2701
80.1093	31.7509
79.8523	32.45
80.5237	31.8655
80.3375	31.162
80.1441	32.3812
79.7313	31.7527
78.822	30.1915
79.0395	30.0024
81.7135	34.9925
79.7787	30.147
80.463	33.2333
80.871	33.0379
80.2111	32.0817
79.6375	30.9563
81.9768	34.6596
81.4605	35.4382
80.0565	31.9364
80.2089	31.3456
81.4401	34.1234
79.6609	31.9691
77.6131	24.8465
80.3464	32.9093
80.2646	31.7894
80.955	32.7365
79.5322	31.1178
83.045	39.3096
77.8414	26.0729
80.0041	31.8331
80.2814	32.013
80.2738	31.2234
82.3913	36.9439
80.3386	31.8982
81.2869	34.6251
79.8904	32.442
80.0447	33.1643
80.7446	34.2555
80.4251	32.9956
79.7594	30.2109
80.3448	31.4797
76.5502	24.034
79.5527	31.551
79.464	31.3497
80.8717	33.574
79.0932	30.5223
81.6852	35.2965
82.6228	37.6658
79.5299	31.2036
80.8686	33.2209
80.9594	34.4872
79.9275	32.4108
87.8184	48.7392
79.8472	32.2218
82.4822	36.7091
74.6769	20.5186
75.6701	20.7223
79.5489	28.7279
80.0483	32.0713
78.3491	28.8029
79.7162	30.6135
80.0272	31.617
80.6827	32.4616
80.2853	31.4938
80.0804	31.6615
81.3173	35.4777
80.1588	31.9814
79.74	31.5778
82.384	36.841
81.1391	34.3836
80.1055	32.1833
80.4038	30.6622
80.378	33.4441
83.4173	38.6159
80.2784	31.3853
80.7293	34.7456
81.7119	33.6333
78.6635	26.9352
82.4624	38.1716
79.7415	31.984
80.0772	32.5023
80.6626	31.8966
80.0845	31.1838
76.9386	25.9892
79.7272	32.4228
80.7409	32.5526
79.5836	29.187
79.8321	31.9665
80.5372	31.3397
79.0738	30.8028
80.0667	31.5995
79.5205	31.6433
80.9054	34.5541
80.8452	32.0117
77.9897	27.9572
78.2642	27.5308
79.7569	32.1799
80.1751	31.811
78.7644	29.7715
80.7401	31.461
80.0677	31.0656
80.0394	30.1473
79.5571	31.0093
81.4158	33.5578
81.1913	32.5091
80.6982	31.668
77.5604	27.4485
80.0133	32.7081
80.6511	31.3841
80.3796	31.4893
80.2012	31.8315
82.6789	37.7676
81.4108	34.4096
80.4354	30.9671
80.7017	33.0432
80.3774	33.4756
81.741	34.6944
84.1928	39.8948
81.6145	34.9032
81.8622	37.0753
78.6245	29.2352
78.4164	28.5702
80.539	31.9676
79.0774	30.3642
80.3277	31.9525
83.3182	37.9714
77.3023	25.1826
80.1609	32.0399
77.8965	28.229
81.4317	33.3112
80.508	32.3708
80.108	31.8049
79.9724	31.8884
79.8059	31.6113
80.6176	32.0301
76.9876	25.7669
82.5716	37.3098
79.1983	29.8565
80.1386	31.3545
80.4871	31.7801
81.0903	33.2925
83.8276	39.5673
81.0543	34.118
77.7978	25.2419
82.0258	35.1165
80.1997	31.9385
77.9437	28.1959
81.0253	32.3873
79.4826	30.9589
81.428	34.4223
83.2651	37.3469
79.4142	30.6704
80.2041	31.9504
80.419	32.0706
79.8983	32.5682
84.0462	40.2858
79.9912	32.3363
80.4119	32.8544
80.4358	32.0802
80.3057	33.1037
80.3031	32.5811
78.4151	28.376
80.0444	31.1497
80.2004	31.7772
80.347	31.9069
81.1277	33.5577
80.3332	31.5488
80.0037	31.7963
81.3436	36.0446
80.0694	31.6789
83.8129	40.4012
76.4997	24.9477
80.0316	31.1699
80.6848	32.0541
80.5462	31.7833
79.8308	31.2788
80.2655	31.6263
80.1456	32.008
80.1309	31.8213
84.0886	39.7888
82.9529	37.5007
83.0805	37.0801
80.4979	33.4141
80.4013	31.6083
80.8489	31.7021
77.0113	24.1615
80.4332	31.9006
83.3661	38.9733
79.7834	29.7329
79.4956	30.998
80.1232	30.7078
80.9552	34.2258
79.4615	30.5632
80.9259	34.5634
81.1502	35.5939
80.1301	31.6893
80.337	31.8247
80.4702	31.5881
79.7009	29.3194
81.3791	33.4609
81.2965	33.0224
82.6048	37.4236
80.0959	32.2309
80.3405	31.7316
80.2254	32.0673
78.3116	26.5635
79.8633	31.73
80.1482	32.7644
79.8612	32.6404
79.9001	30.2014
80.2537	31.2497
79.9794	31.508
79.3892	31.3943
80.4691	33.2987
79.3855	29.8525
79.6952	31.8633
80.0655	32.0227
80.178	31.8992
80.5977	32.0805
79.6916	32.3332
82.0904	35.1763
80.8405	31.8841
76.5283	24.9459
82.4212	36.3776
79.8981	31.1092
79.7178	31.0439
80.0582	31.698
80.3839	31.0353
79.6283	31.5582
80.1145	31.7601
80.1662	31.8423
80.1782	31.8281
80.3377	31.9212
80.3932	31.8781
80.6192	33.7849
78.9583	28.77
80.1586	31.8947
80.4251	33.1304
79.9667	31.683
75.9789	22.9116
79.9021	32.6404
79.3684	31.2065
80.632	31.5242
78.6234	26.7976
82.1151	36.6545
80.1903	31.2794
78.2506	27.993
80.3627	31.9323
79.4991	29.1216
79.4667	31.5069
79.9291	31.75
79.8243	32.416
80.4408	33.7683
81.8119	34.8676
81.0502	33.6169
79.356	28.5392
80.1326	31.5779
80.8644	32.632
81.3645	32.8765
80.0966	31.7165
79.7111	30.2781
80.2431	32.2048
81.1061	33.3595
78.6719	28.3364
77.3955	23.9849
80.3701	32.1815
78.311	28.9805
80.0235	31.6652
80.7421	31.7527
79.7947	31.9734
80.5035	31.7469
80.1166	32.2298
84.6693	42.9031
80.1493	32.2249
80.6087	32.6636
81.0657	32.9468
80.1313	30.0606
80.039	30.9948
80.1634	31.8965
79.9197	31.4215
79.5254	29.6488
80.7696	32.0548
80.0461	32.6821
80.1174	32.0442
80.9781	32.6904
82.6585	36.6934
80.4429	31.2164
78.8005	29.2268
80.1183	31.6191
37.8274	81.6341
40.6233	81.3072
40.1478	78.537
44.8651	84.7994
43.444	82.2866
36.9199	73.4895
41.3241	77.1595
36.9418	73.3394
37.8563	78.967
42.419	78.0052
41.5993	77.6671
42.1352	79.9127
43.2656	78.3776
38.3032	78.8008
41.4377	77.1258
42.526	77.3661
46.9139	81.0971
44.2979	80.3024
34.7079	80.3582
41.2797	80.318
35.2874	80.7952
44.2286	75.5194
41.6433	78.6159
41.97	79.3447
42.2961	82.1595
40.0008	78.9447
42.9586	77.5621
45.7561	78.8245
41.5417	78.5827
38.9552	75.07
41.5598	78.6499
44.3447	78.3977
40.4792	74.921
38.9392	73.0768
47.3485	84.7098
49.1614	77.8997
43.7483	78.513
45.257	84.8127
41.7197	77.8243
40.5986	78.7439
43.7568	79.4323
42.0319	79.4333
41.8963	74.6595
46.9422	82.2619
39.7688	76.2902
41.8149	79.0096
40.7289	79.887
36.0319	77.8673
47.3799	79.5167
44.5199	76.3833
44.6537	82.8924
41.0019	73.2704
39.654	81.5936
40.7694	71.8592
41.7091	79.2545
44.226	75.405
41.1526	78.4658
40.7814	76.5816
39.4022	80.3914
48.1133	78.1413
39.6118	79.4614
45.8538	78.6673
41.9721	78.9724
42.4476	78.1552
37.772	72.7349
44.8336	78.9445
41.2227	78.745
40.8745	82.4896
41.7016	77.4869
39.5274	78.6698
41.2541	80.6622
41.2109	73.592
40.7023	78.7385
37.666	81.5936
39.6548	78.4388
50.8535	83.071
41.4014	81.646
44.0782	78.2395
43.6951	81.4456
39.3758	75.0953
41.841	79.5929
42.5991	78.7029
41.4562	78.7355
40.8712	80.3987
37.7858	81.179
41.7169	79.2321
46.0371	78.0609
38.8873	74.6909
39.5641	80.8571
38.6436	79.1388
44.0667	76.8761
43.8437	73.03
37.0839	72.7884
42.2917	78.1112
39.1555	78.9079
40.2666	81.406
47.4368	81.2039
40.6176	76.086
46.3768	79.3154
44.6307	79.6523
40.2309	78.6873
41.3946	78.6971
42.5053	79.0566
41.6926	78.5113
42.4023	73.7453
41.7447	78.2955
41.5672	78.7824
41.6019	78.7562
41.7515	78.7648
45.923	80.372
44.7833	81.9282
41.8199	85.1439
41.7393	77.1537
44.1415	78.0207
39.9634	75.194
37.336	78.4232
41.9227	77.9215
43.4717	80.8225
39.7669	79.2218
41.2028	77.3494
40.7504	80.3363
36.5147	79.0525
45.9328	80.5961
42.9472	86.0855
48.0128	78.558
34.4915	70.2496
41.0969	77.0451
40.746	79.1404
42.0476	75.0495
39.7747	79.2207
40.8428	77.1823
39.7806	74.9559
42.604	82.5049
40.7565	76.6203
41.4317	82.8815
41.061	76.5111
41.2388	78.4064
40.6337	75.0353
42.2419	75.4048
41.6039	73.0594
41.4512	79.3966
39.8478	82.2297
42.4375	72.1868
40.389	79.242
40.0902	77.292
40.2367	78.2997
47.2917	83.0363
41.8621	84.0463
32.9002	72.7685
41.8618	81.1618
42.5356	74.5471
47.0922	77.0669
40.0598	79.0903
41.2851	77.4986
49.2415	82.9655
40.0079	74.9617
41.7673	78.5965
42.472	76.8456
38.6415	80.1444
42.6689	78.8562
43.0747	77.6261
40.5714	78.1619
42.922	78.7348
42.785	76.2201
43.408	78.5264
47.3514	78.878
41.2386	77.7312
43.0686	84.4506
40.9142	81.1927
42.2198	72.4557
39.2185	71.3763
41.2677	78.6951
39.9149	78.4376
38.2693	74.968
52.7515	83.1478
44.8519	80.5219
43.0779	77.0145
41.3556	75.808
39.214	76.9924
41.6855	79.4023
38.9713	77.2742
39.8498	77.672
47.3727	80.7244
38.941	78.8256
37.723	79.0154
41.5564	78.4464
45.6799	84.4976
44.4336	82.0061
40.4359	78.3919
45.3154	77.6082
42.5019	75.9577
41.5895	77.5793
42.0083	78.7815
50.6612	85.8859
43.6648	85.9634
40.3522	78.5432
40.1407	75.9648
40.3852	79.2473
36.7398	70.1756
41.2453	78.4453
38.2124	78.6262
41.6884	78.6845
44.8865	83.6781
38.3821	80.8301
41.4249	79.659
45.7338	78.9952
39.6276	78.5999
39.0282	78.9593
40.9417	75.8123
39.7561	81.5245
39.7137	74.2547
40.2891	80.191
38.5257	79.1581
40.9628	83.3942
36.9249	79.7068
46.0942	77.9073
42.3146	73.7571
42.0509	78.873
42.2736	79.0806
40.1492	79.0336
39.4018	79.9506
38.514	79.6221
43.0243	78.102
41.6775	80.6826
42.5796	79.5608
41.1488	83.7715
43.3989	76.5343
41.5806	78.3594
41.7023	77.1194
41.527	77.5605
39.1163	81.1977
40.535	76.2342
41.486	77.3921
37.1779	81.4715
41.5631	80.501
38.7951	81.3315
47.2691	80.2678
47.193	84.4046
43.2892	81.5223
36.6654	80.2105
41.1721	71.7873
42.6115	81.4461
37.5997	80.6621
38.5561	71.8324
37.5573	80.9249
43.7958	78.4801
36.3857	78.4086
43.0138	81.8594
43.5085	79.1564
41.4036	74.2189
42.5611	79.342
43.9793	74.0773
46.7107	81.7914
38.7631	74.9416
43.0001	76.5803
38.4225	78.4381
41.7146	82.2655
42.7371	81.9417
39.9587	79.2459
47.4648	77.881
34.5692	78.819
40.9515	75.6149
46.9782	78.0552
46.8229	82.7985
41.4951	85.2935
40.9701	75.0741
44.2826	79.5974
45.9556	81.8479
42.3311	81.3081
47.6144	77.2131
39.1976	78.9416
44.8649	81.3885
49.6658	81.6784
41.0336	76.7856
43.0167	81.149
35.7467	79.753
40.422	78.5798
44.6368	76.3341
43.9514	75.8221
42.4145	74.3433
47.0062	77.1204
42.1187	77.9726
39.6617	80.1039
39.4708	73.9061
39.4912	75.5947
42.595	78.8228
40.8283	80.6161
41.952	77.8231
44.195	78.5934
40.9814	83.6083
39.5817	78.8858
42.2776	80.8328
36.3959	81.0632
42.2943	80.4253
40.7626	77.1304
34.7933	79.7148
45.7554	79.5861
39.4274	83.7428
44.5674	76.8552
41.6359	78.6189
41.9485	80.4779
37.6176	79.5539
34.9378	80.5118
45.6566	74.3012
48.4407	80.9641
40.3329	71.787
39.2795	81.7694
37.2621	77.2258
46.1751	81.7277
48.9182	77.3934
42.7388	81.5258
41.8155	81.9422
43.7035	75.5506
41.6444	78.3624
77.7811	75.1059
82.3974	72.5025
74.9723	78.1756
87.516	69.8897
82.8194	74.2074
80.0913	74.9332
83.1165	78.3383
79.3019	76.4859
81.0467	70.6465
80.354	75.4792
84.4662	65.4835
80.3962	73.1228
82.3065	73.3789
82.2156	73.2296
81.1389	72.3618
77.9936	77.4397
85.4769	71.3941
80.3457	73.5855
79.0712	74.5884
81.5652	73.3433
84.1289	70.1474
83.2054	75.133
78.6032	70.1427
82.4835	70.4997
83.2886	78.1206
81.8063	79.796
85.762	70.9386
82.8589	65.243
83.6727	73.7798
77.6	78.0347
82.4098	71.4042
83.0583	71.099
86.2189	73.5684
81.5131	70.4478
82.8478	65.5405
78.4838	77.1499
88.0362	70.6363
76.7482	72.7417
82.507	73.4215
81.3781	73.8344
84.0863	73.7972
84.0943	73.9611
82.8276	76.2021
82.2883	72.8314
85.4886	76.9396
82.9623	73.2301
83.5428	73.1189
81.8338	80.0932
82.3417	70.1523
81.2152	68.9907
82.9969	69.9565
86.1563	66.1642
81.6955	74.7629
77.4526	75.7135
80.3577	71.2231
79.8056	71.438
88.1789	72.7577
85.8867	70.0187
83.4996	72.8517
83.9121	73.6259
84.1045	73.8224
84.01	72.8839
87.4544	68.6096
86.2334	74.7768
82.0253	71.4625
81.7862	73.2248
84.4729	68.2981
84.6484	71.936
79.3669	72.4513
82.1906	73.2848
82.6465	64.698
82.035	74.8217
81.454	70.7227
83.8223	76.638
86.9471	74.5767
81.6054	73.3183
80.1177	73.7548
84.8783	74.898
81.4105	72.3255
83.8036	74.9612
84.027	72.5456
78.9601	71.4058
82.7169	70.8345
78.9448	73.8035
83.503	66.8528
84.8151	74.1869
81.6091	74.7764
80.1511	76.1094
82.267	68.909
87.3672	73.444
80.8153	73.7136
75.5829	75.1858
81.4697	72.9209
83.2758	70.7452
84.8264	76.255
79.9903	78.4535
80.2674	72.7804
82.8147	80.8738
82.0707	70.5318
82.4594	74.1664
80.4474	74.7122
82.3108	73.3302
83.9514	72.8923
82.7711	73.2798
85.1644	72.135
81.639	71.134
79.8007	72.3995
79.0612	73.8038
82.1909	72.8448
86.5754	72.3314
73.5295	81.4058
87.7711	70.385
79.299	68.5472
80.9917	76.2429
78.9388	71.221
87.9221	65.5497
87.6935	68.4572
81.9439	73.5945
80.7929	73.095
85.0451	76.4015
81.1748	76.6105
82.4765	76.1114
84.8586	78.9052
81.2231	73.9235
87.3532	71.2802
84.259	71.6861
83.2798	73.4777
81.764	73.0018
82.4322	74.472
77.7697	79.8253
86.8493	67.7155
80.5658	69.863
84.0349	79.0707
79.6953	72.6378
83.2589	78.2799
81.7441	70.9397
85.6029	73.0586
80.5089	76.2512
85.4628	77.347
84.609	65.1306
79.6943	67.4692
82.7192	78.5316
81.8209	71.9382
79.52	78.6424
81.7777	72.4927
84.6512	68.3647
82.508	74.6712
82.4674	80.63
82.2616	73.5941
80.5391	73.2659
82.325	73.2088
85.0376	73.9749
82.1337	73.3356
79.6786	72.4615
86.2425	74.101
82.569	70.3854
80.0872	67.2603
82.5395	71.578
84.3911	73.0036
82.0238	73.2928
84.857	70.3697
82.5515	73.8284
82.0367	73.2364
82.2025	74.9214
83.7718	76.148
87.1723	68.552
85.0904	72.0163
81.6775	73.9989
82.2103	73.2911
81.5455	75.5486
83.5648	75.6631
86.8626	73.7331
82.5997	73.0652
81.7252	73.0254
87.7906	72.2361
80.844	72.9985
79.147	75.1113
84.1654	76.4836
82.5429	73.2758
75.1215	82.8365
80.4706	78.8001
82.0194	73.4233
86.9991	70.5259
80.9779	66.3654
82.2078	71.184
86.6139	71.7138
82.9379	71.8721
83.7582	76.3266
78.3999	73.2487
80.0231	73.2106
86.2569	71.9773
83.8764	65.2792
84.9343	71.3993
82.8297	71.548
82.1259	75.0089
87.4643	72.9921
81.9058	72.9125
81.7018	72.9596
79.7804	71.5342
83.8515	76.8484
82.9398	72.49
75.4841	79.6342
87.869	73.9021
82.1908	73.2077
78.6495	75.9
82.3987	68.7499
78.7988	74.1203
83.9339	72.6322
82.2425	72.7248
85.4412	72.5575
78.8351	73.7539
83.8587	70.0545
84.0425	76.229
81.7395	73.4126
80.7913	73.7341
87.2285	75.0708
78.8166	70.2817
83.6225	70.9204
82.2293	78.6837
88.8892	70.2505
82.2623	74.5025
79.5124	69.6429
83.2238	72.5434
81.5593	68.9874
84.3572	78.4897
83.3716	75.8772
82.2474	78.0882
80.1102	75.933
84.1752	73.1595
80.8779	73.299
82.2533	75.8955
81.7807	71.5863
83.7977	72.8814
80.1204	75.5177
81.9628	81.0748
81.4732	73.4183
83.2086	71.6249
87.6503	65.9112
82.3856	74.9355
81.9737	73.7829
81.8756	74.3887
81.1971	66.452
80.1526	70.5057
82.7031	73.4324
84.3891	72.1571
81.046	73.5109
78.2368	75.9352
80.1172	71.5857
86.6928	71.6961
82.9673	73.0398
85.0888	73.681
78.6935	73.2999
76.9656	72.1159
80.4925	73.5492
87.0054	73.89
81.8932	72.8481
85.3692	74.6285
80.7072	68.7932
75.0459	80.0215
82.3959	73.7866
83.5804	71.0711
79.0206	74.7165
81.3092	73.9043
80.181	72.8106
82.5404	73.3788
82.0947	73.0529
82.7081	69.4553
82.2664	72.0677
76.8565	76.2193
82.3113	73.372
82.1079	80.0206
82.8531	73.13
82.0757	73.8235
78.126	73.7962
81.9438	66.2327
83.3504	74.4564
78.9552	73.1946
82.2843	76.3117
77.5555	71.9683
86.5084	71.3697
82.0455	72.9132
84.9547	73.8979
76.2269	79.2243
82.1464	70.076
82.4013	75.3991
80.3369	69.8753
82.3589	72.8083
79.6353	71.0294
82.0083	72.831
82.9133	73.5488
82.3455	74.7394
81.8542	74.0451
80.9623	73.4937
84.1762	77.7572
80.2184	75.1958
80.3874	67.5499
83.0065	73.9162
82.414	72.9074
85.273	76.9968
86.676	75.3547
81.1031	70.3822
82.5414	73.4466
81.6615	77.0855
78.6227	76.5634
81.7269	73.3788
80.9453	73.6879
75.7421	77.4445
81.8251	73.1938
78.802	76.5562
82.3618	73.4216
81.2295	72.8049
83.7545	69.6979
79.7918	69.4723
82.2224	74.2716
82.1895	73.2158
79.7233	71.3358
80.0258	73.3812
81.3319	73.7376
86.0951	16.2251
86.0387	15.7731
85.7363	15.4639
86.3391	12.6214
83.9094	15.9543
84.9248	16.409
87.599	13.395
90.5936	15.0106
89.5835	12.3485
81.8079	10.8536
89.8976	19.8452
86.9087	15.3957
84.9653	14.3827
83.4293	16.1575
84.4234	15.3197
83.5128	21.2354
82.8179	15.5649
87.541	12.8878
85.0965	15.6224
80.0816	17.6612
83.2621	15.0748
87.6863	17.6593
82.6192	17.2906
86.2679	18.8399
83.9974	15.4358
85.4338	13.5067
85.5233	14.1357
85.0538	16.0159
86.8442	16.0118
88.8714	20.556
86.4185	16.1232
85.128	15.6049
87.5825	20.4959
84.0375	15.5757
89.234	14.905
87.3527	12.6426
83.6433	20.0181
82.6499	14.2732
85.4922	15.965
88.3537	21.0648
80.742	16.8787
84.0299	11.8907
83.4602	21.3597
86.4053	13.9325
85.6454	11.7143
85.7972	16.0214
85.0046	10.8829
80.4936	14.898
86.4374	15.0149
85.8587	15.0101
87.0247	12.146
85.5656	16.21
85.0176	12.7908
85.0057	15.7848
82.8005	14.5089
86.1994	16.0156
84.9537	15.751
86.7125	16.8762
83.8142	15.677
84.7644	16.4348
85.6349	15.815
86.0606	15.2843
86.9288	16.8662
83.8328	18.5708
86.0986	14.032
82.9229	14.3653
86.6051	17.2932
87.1556	19.4747
86.5489	16.1762
85.184	11.0475
84.6256	15.4064
83.6081	17.8429
85.9707	20.2806
84.9938	15.6042
89.4124	20.2052
86.4325	17.0593
84.8108	16.1786
81.7619	18.1929
85.8058	19.6183
86.1242	16.1722
88.5793	17.2115
85.0577	15.7049
87.7125	16.1227
88.3864	11.1281
89.1699	17.0415
80.2394	8.7835
86.2759	15.7988
82.4185	16.7369
81.3124	15.713
84.0335	16.4912
85.8042	17.8196
84.6257	14.5306
85.8516	15.1301
85.1282	15.375
90.5005	16.4126
85.7309	13.9276
84.5589	19.2916
89.5245	15.0977
86.3995	15.0435
86.2642	15.9379
86.1631	16.9376
85.8934	16.2874
91.2023	16.0368
84.2824	17.7832
82.456	13.3679
84.2281	17.5525
86.0845	15.5375
84.1096	18.8742
82.1428	15.3468
84.0357	16.9437
82.7802	18.9078
84.4734	16.457
84.7812	11.4745
88.7269	16.6179
83.0159	13.4329
85.0925	15.7811
84.7276	12.1785
87.0599	14.9782
78.0153	13.6449
81.4379	13.2655
83.4483	17.3379
85.2423	15.9874
85.4012	15.7449
88.3375	15.8482
85.0219	11.0573
83.645	15.1205
88.1217	17.232
81.3239	13.9752
87.1255	14.034
78.9356	15.9383
87.369	15.6226
85.8834	14.9259
77.8867	14.0736
87.2057	12.2354
88.2097	16.1493
78.7336	14.4875
84.9751	16.7033
84.3833	17.0416
85.0663	15.784
81.224	17.7846
83.8609	14.0215
85.0959	15.792
85.9703	15.6782
85.4753	19.0254
89.5723	12.6593
85.7833	17.0565
85.02	16.4752
84.5303	15.0476
87.7422	13.4877
85.0153	15.5701
81.9256	20.1704
87.1689	15.5981
81.8014	14.0185
81.5298	16.739
86.4088	17.1351
90.2529	16.2041
90.8069	14.6564
79.9326	10.6384
85.4996	8.1095
84.3813	18.2032
88.8504	14.7016
87.7964	24.2679
85.1866	15.6896
82.1361	17.5823
81.0775	16.0434
84.315	15.6573
84.4088	15.0085
83.062	11.7906
83.579	12.7898
81.9541	11.7296
85.8703	15.7931
85.7846	15.3281
87.6408	18.3646
84.2576	15.3072
84.8974	19.9427
86.2925	24.3856
85.6561	12.8799
83.4171	18.9042
87.2516	21.757
86.9167	10.5039
81.967	18.3364
84.6575	15.9002
89.5127	15.2283
83.0445	18.6055
79.2179	14.8539
85.241	18.7705
85.3554	15.8012
92.717	25.0593
82.5605	16.775
84.6731	16.2515
87.817	12.3364
88.4966	13.39
86.6987	15.4415
84.6284	11.382
87.3474	15.9567
87.8258	15.8631
88.2306	17.3836
85.6924	16.9071
79.426	12.9843
85.1568	11.4049
86.8736	17.9354
92.5732	21.0388
86.8375	16.199
85.5593	16.1003
84.9599	15.7084
86.8317	17.7001
80.0304	16.3436
82.374	16.9808
85.6202	15.8811
88.3929	12.1705
85.101	15.7593
87.2506	15.7517
85.0533	16.0136
81.6393	18.5056
85.0911	15.7772
81.2942	8.5345
83.5581	14.7664
91.3298	16.2009
85.8172	13.7586
87.2781	15.4295
87.1597	18.5239
92.312	17.0161
83.7019	21.5527
83.5702	17.6502
83.7017	15.417
85.9177	14.3273
86.6851	12.9505
85.5852	13.4834
92.4289	17.1369
86.0154	11.3364
83.6739	16.2321
85.0775	16.2968
88.475	15.4317
84.9681	12.5345
85.4463	15.9977
88.3567	16.1769
84.8137	8.7922
82.3676	15.2154
84.8135	13.0674
84.44	15.0812
86.4494	13.6669
87.8157	21.0496
85.1088	15.7432
78.6528	10.4976
86.0106	15.708
86.1412	20.5239
82.0675	16.8154
83.4036	14.4156
84.2907	13.3992
84.672	16.206
87.1544	14.4135
84.9003	11.5373
85.6753	14.5184
83.9757	19.0518
86.5113	16.1302
84.6936	16.1313
84.5802	17.2285
84.4357	16.3402
88.1106	10.5566
87.7835	15.189
83.9445	14.9778
86.656	16.511
84.5798	21.3118
81.8668	12.0458
83.1446	18.2864
90.0955	18.5733
83.6647	16.7267
87.4672	10.4851
84.9126	12.171
88.9142	15.4467
85.5993	22.5023
85.4095	15.851
85.0787	12.5678
85.9298	13.9834
82.9216	12.1494
83.7676	14.8639
85.1919	12.7963
84.1353	12.5628
84.8563	11.7708
89.3106	17.6595
85.2503	14.6551
84.829	14.3184
82.5541	15.1495
88.3231	23.2031
86.4667	14.3614
80.5089	9.654
85.4909	14.9938
84.7097	17.666
91.0435	17.1155
87.8749	18.8759
87.178	15.8486
84.1292	15.562
84.6011	16.0034
85.5969	19.3497
86.0927	11.0775
80.8069	13.4402
84.8413	18.3717
79.1722	16.2
85.2104	13.4678
80.6567	14.0259
84.7423	16.1535
86.7993	16.2841
82.8038	14.9181
84.9404	17.0474
84.1967	15.089
85.0945	16.1669
88.8697	14.3969
81.3868	18.8928
86.4991	15.9874
88.1109	15.2198
81.1694	18.8374
90.036	15.3622
88.5764	15.1791
81.4553	16.419
89.5623	17.8393
82.979	20.5695
86.517	17.3755
85.0453	15.5432
86.4211	21.6526
84.877	11.1076
79.1199	16.4843
83.4165	14.0684
84.3905	21.9401
85.7328	14.3692
83.8146	15.9541
34.0693	56.9371
31.5965	58.716
40.5652	62.2938
35.9831	55.4975
34.9296	55.7688
28.9423	55.9134
40.8689	56.2521
32.1312	57.4721
28.6568	54.7471
37.0259	58.5265
33.9967	56.2602
41.0917	61.4521
28.357	56.3726
34.7197	59.1316
34.2064	57.0045
31.7331	55.6086
33.5792	54.131
33.0455	56.8758
36.6794	58.2584
37.8697	59.1764
33.9981	56.5418
33.8342	56.6864
33.8474	56.335
43.2052	61.3723
34.0064	55.0509
33.4354	57.8047
29.6775	57.2432
35.3335	59.2567
33.4016	56.2797
32.8438	53.2686
36.5927	57.1713
34.3247	56.4376
32.5057	58.1121
33.0881	57.9058
37.8648	57.9579
33.9115	56.6863
33.3299	59.7586
36.7048	55.3451
34.584	56.1591
36.6934	58.1294
35.8793	54.7046
39.357	57.9641
30.4399	54.5221
35.3979	57.8923
33.7002	58.9527
32.7738	55.9624
33.4549	57.9199
29.711	55.6485
32.7403	54.8875
41.3894	56.4459
32.6043	55.3772
33.7811	55.8454
33.3901	53.2836
34.0545	56.8654
35.8483	55.4925
31.8065	58.1616
36.7751	57.8289
33.1667	57.0387
32.1519	56.1045
29.9578	57.2052
33.9632	53.6577
33.9993	54.4064
26.8672	50.8874
33.296	56.9308
34.5042	56.6973
35.222	60.2793
33.3934	53.7464
31.2386	55.5195
33.4182	55.8498
33.5328	56.288
30.3637	57.0253
35.3145	58.0916
32.5118	55.6212
29.431	56.3522
37.1563	54.7746
37.3894	55.5347
40.704	57.7739
33.7298	56.5486
35.7813	57.2855
30.4157	56.6007
33.5918	56.6525
33.0127	57.0072
33.9212	53.8693
35.7275	55.1101
33.4785	56.5575
32.6152	56.323
34.5903	56.1314
23.8748	55.1038
33.1175	55.1842
35.252	56.6829
34.1675	56.0197
35.4746	55.2404
41.25	59.4675
27.7027	53.6847
32.2209	54.7247
37.5619	55.3791
28.8068	56.1932
34.477	57.0309
28.4031	56.6654
32.4442	56.7881
35.6246	54.9756
40.442	57.7532
33.6829	56.2228
29.3591	52.2132
34.2963	58.2232
33.886	56.1151
32.4055	59.081
32.8331	54.1094
35.7737	59.7104
39.2534	59.3343
29.8665	56.8245
34.3376	57.5709
33.8863	56.3107
36.137	55.2483
33.8935	56.7577
35.0117	53.5859
37.1	55.5062
36.8617	55.4066
33.1795	52.9654
34.4237	57.37
28.011	52.2025
32.8657	56.4864
45.2457	59.7461
33.3669	54.2228
32.0628	56.4596
31.6642	55.334
34.0712	56.3178
34.9955	53.5578
26.1538	52.592
41.1008	60.7342
31.7136	56.3479
29.7022	57.4097
31.9927	52.4637
35.9772	56.8428
34.4791	57.8536
32.4093	58.0491
37.3907	55.8472
32.1905	57.3147
34.1721	57.6427
38.6373	60.6623
33.8588	54.3875
34.1578	55.8672
37.1616	57.0648
33.1987	56.8997
34.1329	56.5571
33.435	55.6417
33.0482	57.1217
33.895	57.2545
28.9087	56.5427
34.3997	58.5193
22.5786	52.9417
36.5567	54.7606
32.0827	51.9618
28.699	52.9505
32.1517	56.9562
38.8806	56.9524
41.1796	58.1307
33.144	55.1885
32.5958	57.3367
34.8171	56.9251
34.4239	53.0765
41.9151	57.7335
32.1309	56.9996
38.6377	57.4187
34.2099	56.1508
36.6688	56.2413
32.1657	53.866
40.3004	61.3466
36.3304	55.3764
38.4922	58.2877
30.4556	56.8584
33.6787	53.8925
32.7998	57.1265
30.3269	53.1608
31.3649	52.3765
33.7889	55.8031
36.0165	55.3303
34.0032	56.174
33.8634	56.4414
35.1459	56.5704
41.2767	59.3558
28.3474	53.2727
33.6928	55.7412
36.6478	59.4677
34.345	57.0659
33.1616	56.5089
35.4529	57.3677
27.6703	55.974
28.2066	56.0178
33.1366	56.7311
32.191	57.3825
29.0107	57.1927
28.1979	51.8199
37.4695	56.3163
34.0191	56.7638
33.8583	56.3529
35.8312	55.9466
33.8474	56.4151
33.8205	56.6246
34.2901	58.2886
26.5815	54.0385
30.4086	57.61
34.7966	56.3506
34.6144	56.0472
35.2381	59.2377
31.8681	52.8806
36.9366	56.1201
31.0041	53.3285
34.4314	59.5915
36.3956	60.9339
32.8586	55.1385
33.0767	55.2963
31.2558	52.065
31.585	57.3154
37.9388	56.7285
32.9905	57.9935
35.2209	54.8608
35.7679	54.8036
33.9288	58.8052
33.0335	56.8221
34.1559	56.2163
34.1925	56.9393
32.7695	54.3105
33.5999	54.9795
30.2359	53.4317
33.2586	56.6187
33.075	56.1657
40.038	58.8221
33.791	56.2252
33.6549	56.5597
34.3717	55.9909
33.2116	59.4868
35.8384	55.6361
41.5881	58.4352
34.5164	57.9614
31.6395	53.7403
34.097	56.4831
34.0383	60.0071
32.6627	53.4442
35.6865	54.5785
30.6298	55.1902
34.7575	56.5576
30.2583	57.1881
35.2424	55.7574
27.9008	52.1035
33.5029	55.3213
33.8753	56.3384
32.4032	57.7807
32.7973	53.4972
32.1924	52.7106
34.5495	57.9864
38.5091	59.9401
36.1138	55.1307
33.2884	53.399
26.9126	50.8814
35.0056	56.6657
37.4117	54.6122
35.0283	55.984
33.5525	56.7445
35.0798	53.5657
28.9002	52.0678
32.4516	52.2674
36.4844	57.1623
35.1815	57.4947
27.5524	55.9548
34.8773	58.3528
30.8966	52.3409
31.6313	57.0785
34.1966	56.1987
34.1446	53.8787
31.8823	56.5345
34.7522	58.7567
29.3746	54.4468
33.4983	57.269
32.5125	56.4342
33.0145	54.6705
33.6336	56.3145
30.2353	54.5544
32.1216	56.9834
28.5152	52.0229
33.5027	56.505
33.227	55.6288
34.1016	54.528
33.964	56.1426
33.8633	56.3504
32.4952	56.5867
35.3583	55.4147
38.5183	55.6284
29.2636	52.0371
28.9176	57.1435
31.0944	55.9497
33.6974	56.3207
33.7173	55.7853
39.6903	59.1235
32.444	56.7074
33.3378	55.7892
30.0366	56.5761
34.4437	52.9492
32.5871	55.8965
36.7641	55.6309
34.4552	55.4676
29.7212	54.6223
35.5924	57.7596
33.134	52.4203
29.2932	55.8293
30.6346	52.3584
34.1966	58.6266
28.243	56.0217
32.6251	54.9298
33.5201	58.5318
35.1564	57.3155
32.2365	53.0808
40.5542	60.0089
29.6763	52.8676
22.1233	53.8472
33.8084	56.0295
34.5674	57.9033
32.5883	56.0492
34.5123	57.7788
32.9859	56.4384
35.3939	57.0931
40.9616	57.5024
36.5058	54.5456
40.4782	55.7913
36.8724	59.8412
34.4096	57.5522
18.2618	34.6663
17.1461	34.813
18.6536	33.0019
17.7241	29.2639
24.8683	38.3412
17.4057	35.8906
21.5243	28.9985
17.0688	34.3596
14.4502	34.5417
16.5689	35.6983
16.8443	36.7928
16.5158	34.3946
15.9711	35.2701
17.5781	34.1039
23.348	28.9069
18.9029	36.674
16.8573	35.0387
17.0271	30.6395
19.2775	35.0028
15.2054	34.5632
13.9299	31.4046
20.2053	32.265
13.4695	35.0397
15.9654	38.1778
18.8093	32.404
18.3236	33.8163
15.6984	43.095
18.2751	43.5819
19.8908	37.2797
19.8517	32.5721
16.1345	35.0804
21.0497	35.9835
14.1993	33.1189
17.0788	37.3545
16.6449	36.3036
15.5479	34.5893
18.638	36.3938
12.9332	36.0811
22.4225	37.6975
16.5945	34.5849
22.355	32.3197
12.2755	43.4879
16.6584	34.9245
17.9472	34.2273
14.8749	35.9845
17.7505	33.2053
16.0222	38.0591
17.8869	37.0161
17.0002	37
16.4354	34.7671
16.9966	36.8623
14.5867	36.3616
18.1561	35.8111
16.4915	35.036
16.6973	34.1636
15.3181	27.7968
15.5505	35.5581
16.0835	34.7784
21.1265	39.6792
20.3254	36.2605
13.7967	35.4539
17.4064	35.7989
17.9609	40.8365
17.6506	35.1827
17.2879	34.7028
18.0506	33.098
18.5966	35.9964
14.607	31.686
15.2957	32.1354
16.319	33.1719
18.6914	36.1706
15.9191	30.9314
17.0425	31.6185
16.204	31.6797
19.5	35.4829
12.6702	35.1222
21.3064	29.0947
14.0612	35.001
17.2885	35.2621
17.0155	34.3568
18.6806	33.407
14.6072	28.88
16.9293	34.8686
16.9502	41.1323
15.2861	40.7965
15.6041	29.5117
11.7585	39.1892
16.3981	34.409
15.8664	31.0765
14.1113	35.105
16.3796	34.5091
16.0369	35.35
23.5671	30.0234
14.0876	33.4435
10.8232	37.3112
19.246	38.8323
13.3744	30.8918
21.6209	43.783
15.6945	33.9397
19.9859	31.6334
15.9496	33.1641
16.7845	34.1409
18.2435	36.5508
13.3795	36.0518
16.9628	36.5003
16.7262	39.9527
17.7728	35.2687
13.0683	36.3204
19.8197	34.4933
19.7735	35.5477
17.202	34.2883
18.5561	34.2784
20.2011	33.7353
15.7394	34.65
18.205	42.4341
12.9664	34.1196
17.3188	35.5248
18.2499	31.0438
17.0384	33.9979
18.2093	32.1311
18.5696	33.8006
10.2221	37.4657
16.5881	36.4469
16.4875	34.9007
15.912	34.0829
16.8274	37.4689
17.8495	37.3915
17.9811	34.2089
16.2606	36.3185
17.3908	36.2098
13.358	34.8602
19.0634	35.7254
18.6503	36.9651
12.7134	37.9827
16.9145	35.5279
14.0121	34.6875
14.186	32.4304
20.0251	30.6215
17.4373	36.3552
17.0022	34.7877
16.5657	33.8722
18.6361	35.1075
21.3022	33.8238
15.5228	35.7729
17.1614	43.553
17.5586	36.5049
18.7858	38.1077
17.1074	29.361
15.3738	36.053
19.9043	27.0173
16.5886	34.8709
15.9428	30.0364
19.7463	37.8513
16.1273	34.7538
18.6082	33.0058
14.3732	27.9724
14.2899	32.9415
15.6977	42.4622
17.4878	36.2329
14.8915	33.8914
18.7324	37.7187
17.5766	38.0534
18.5071	36.2905
15.855	35.4818
17.4672	34.5849
16.988	34.3122
10.909	32.6101
18.7854	35.4777
15.3903	35.3738
19.0241	32.9582
10.2983	38.2712
14.3117	34.5163
18.8985	36.7645
17.4834	41.1644
14.4228	34.4974
14.6821	29.7434
17.1848	34.3242
9.4382	32.0888
15.4412	31.012
17.649	34.4679
17.0616	35.261
8.1648	36.008
15.3607	37.9395
18.397	35.5973
10.5444	36.1358
15.8571	36.1986
17.7579	31.9865
19.8892	32.247
21.6975	29.6647
16.6654	35.0678
18.9102	33.3074
19.8712	30.3299
13.7098	38.4889
14.4306	32.8086
14.2455	34.3512
17.8319	31.8244
16.8886	35.3913
17.4656	39.3278
13.0805	35.4417
17.6433	35.0561
14.2252	32.9183
16.5476	37.7389
21.0102	33.3312
12.9453	32.1221
14.4705	37.5936
20.6687	34.2276
15.3583	35.2282
18.9499	35.6601
15.9392	35.1
18.1463	32.6571
16.2975	33.5389
15.7691	33.4886
15.4167	35.3183
16.5607	36.2883
18.2239	33.3302
17.6982	35.4631
18.3516	37.4212
19.1099	34.157
18.457	36.0446
20.7804	35.4938
19.8493	32.6704
14.9269	34.1445
18.4798	39.2233
17.4438	31.9075
10.7124	32.5984
7.6052	36.084
15.9302	33.7993
14.0101	34.1028
16.8149	34.5638
15.0009	37.1014
15.7193	35.0343
11.1476	35.8647
15.1164	33.2239
17.1318	37.3473
17.5169	34.9454
16.26	39.2531
16.8067	34.0249
17.0102	32.3164
12.4132	34.0448
14.9863	28.4721
16.8079	34.7343
12.8953	30.4971
16.9228	36.4545
19.8415	32.1418
18.361	32.1788
22.0869	40.7358
15.9472	37.2246
17.0837	35.3968
16.5653	31.7602
13.5537	35.6169
16.6973	33.4724
15.875	31.2102
16.1448	37.3412
15.8713	37.9013
18.0493	31.975
12.5715	30.2114
19.4033	34.0466
15.8871	31.238
16.1387	34.3617
16.9121	34.7594
16.7653	35.2074
12.5902	31.885
21.7686	29.6514
17.1986	42.9306
21.136	27.9794
15.7181	34.6842
18.8909	34.1194
14.0128	32.5904
11.7874	38.9929
16.2921	31.7643
17.3978	34.6514
9.8533	35.5691
19.4956	37.2256
16.4847	28.7064
17.441	37.2064
14.9092	35.2682
16.6323	35.2927
17.8515	37.0287
16.9337	34.8605
12.2986	33.4382
14.5282	39.1482
18.5919	36.3092
18.0519	36.8284
18.1227	34.7052
16.8284	30.9036
19.8251	33.5402
16.0922	34.7681
14.1861	32.8909
14.7911	32.8024
17.8264	33.0827
17.8235	34.6006
19.5151	31.7753
12.236	35.748
16.733	33.2452
11.5363	30.5575
18.5661	40.4482
17.7858	35.2255
11.3068	31.7574
12.5675	36.0158
17.2842	35.1663
12.4724	45.9999
16.9069	34.8929
18.5253	34.4152
15.5625	26.2321
15.8201	31.5944
17.1277	36.102
20.9553	32.6461
16.0165	36.2858
19.0725	33.616
16.9994	40.9806
17.9463	36.1279
17.2662	38.8185
16.5284	42.5978
16.0206	30.3063
15.569	36.8375
12.4516	32.5289
17.9326	32.116
16.5573	30.5517
15.5508	37.2355
16.6799	31.8482
16.178	32.4523
16.8805	35.1913
20.6519	35.5629
16.3091	35.0167
17.6144	35.33
17.9483	35.9645
21.3951	35.2868
16.4046	34.6109
16.9569	34.6955
22.5356	31.8394
21.4966	35.8837
15.9253	34.3477
21.9779	33.0969
16.9876	34.086
66.9118	35.4195
61.3682	39.9434
61.7399	39.2653
62.9247	36.4078
64.107	42.4917
60.9532	38.8425
62.9369	39.8359
60.5911	37.999
62.255	39.1601
60.7905	40.346
67.9465	39.9014
60.8711	37.3665
62.3498	39.9288
60.1212	37.0698
57.4989	40.7228
56.3517	39.1159
68.7717	37.9483
61.604	33.0855
65.3024	36.7312
60.744	40.3119
62.024	39.7022
59.9215	39.1457
58.7478	42.4878
61.3921	39.4043
62.4328	39.2133
63.5887	38.4511
55.9877	40.1053
61.7755	40.1065
69.3265	38.8552
55.9933	40.3956
65.5859	41.6496
62.5919	40.2984
59.5215	39.1491
61.7493	37.9303
59.8657	44.2558
60.1644	43.6831
61.7118	37.4098
59.1051	38.9443
61.7296	38.6864
61.6468	39.4118
63.0384	37.6295
55.877	39.0646
63.7332	41.4017
55.678	40.9205
57.7473	38.421
65.0054	43.274
59.5063	32.8609
71.4443	43.3876
60.3566	41.0391
56.2356	38.3175
54.6166	42.3311
62.6539	39.4908
66.382	41.6308
71.091	46.4586
62.431	39.8408
63.2546	38.975
66.7249	41.7107
60.8309	37.753
61.1357	39.3577
65.8219	43.6184
61.5032	40.2225
62.8131	40.685
63.239	36.3198
57.5116	34.5564
62.5784	44.1883
61.8893	41.974
57.9564	42.8498
68.6324	36.4237
58.6242	39.6484
62.3248	39.9928
60.9219	36.2804
53.7211	37.6777
60.531	39.4011
63.4973	45.0542
59.5411	41.3706
61.3037	41.9086
61.7444	39.7675
63.3304	36.6062
59.262	44.6156
63.1633	33.7973
61.9637	39.5224
62.033	39.863
62.1964	40.9409
61.8446	37.2298
62.9789	42.6313
60.8687	37.4928
68.0646	37.5662
59.1831	43.8997
55.0086	44.2382
62.033	39.6776
55.1236	40.1856
61.7178	41.4525
58.4938	34.4365
62.2636	45.6843
64.9987	40.8293
61.3719	38.2828
57.6987	39.2508
59.9766	40.9755
58.4077	39.8498
69.5514	32.1521
56.1388	35.5834
69.16	39.7893
61.0676	44.9688
60.0114	41.3216
62.6811	37.2435
63.6291	36.0636
57.0384	39.3553
62.67	40.1688
62.4106	39.8619
52.3329	40.4632
61.1954	36.0938
61.3536	39.5801
57.6488	39.7913
65.2745	40.6585
60.3193	37.1867
61.0026	44.4858
62.9725	40.5117
64.8429	42.259
56.2772	38.2904
63.8823	41.1764
61.7764	39.7102
57.9922	37.9009
61.0698	39.6326
64.2607	37.4702
62.1629	39.7208
65.9321	40.4555
57.6235	46.2612
59.8628	42.5191
62.3502	42.0376
66.5965	44.9273
60.8923	38.5575
61.1579	40.767
61.7573	38.6848
58.9862	41.8742
65.3325	39.681
60.5073	37.2055
62.3137	40.8209
49.9262	39.8424
61.9339	40.1624
61.9295	39.7643
57.8878	42.0108
53.3577	35.5107
61.5934	42.6539
69.0195	47.515
67.3514	39.076
65.712	38.6782
54.9945	37.2313
67.5858	41.0545
62.6586	41.5166
61.8449	40.4599
63.8783	39.9478
57.8113	39.5458
62.2557	36.1134
63.5324	42.0555
66.6135	43.0421
68.9725	46.5685
59.3601	44.5149
61.5094	38.3077
62.4599	41.7673
57.3969	43.411
64.2881	40.3147
63.4383	42.2065
58.2389	42.82
61.733	36.9828
62.1989	39.4856
65.1828	46.8138
61.2936	39.8723
61.3351	40.7952
56.2777	43.7516
53.3212	36.6954
61.8113	40.0002
60.9344	44.8128
61.5342	41.3931
62.3989	36.8662
62.0187	40.0168
68.7638	43.9257
57.3925	44.9341
54.727	40.3384
61.9318	36.1696
58.8432	44.6279
59.2924	39.373
61.5325	38.3841
61.1875	42.291
68.1941	37.0225
62.0818	39.6967
66.2154	38.5013
55.4938	34.7875
62.8655	32.1099
61.9628	39.9433
66.0333	39.3215
61.8391	34.8381
56.5829	39.5454
61.7689	39.7001
60.4554	39.3193
57.2417	40.3906
65.9193	38.4523
63.206	36.78
63.3894	40.4424
62.061	39.5343
61.5175	39.7627
62.4293	33.3944
59.3689	31.6888
61.7319	37.4666
57.2244	34.9463
61.9239	40.0025
62.1622	39.0298
62.2101	37.1771
63.0205	33.8054
65.4147	40.7182
63.7594	42.0311
62.9004	39.2271
58.5207	33.6451
61.8349	39.7614
65.0157	40.2991
63.8966	48.6628
65.5201	41.1873
60.2335	43.3298
63.0706	38.837
61.7428	39.7343
62.1537	39.0372
63.1365	45.0732
61.8406	40.4239
60.139	45.3925
60.3945	36.1794
61.9427	39.6945
66.0103	41.4557
70.034	33.501
60.8182	41.6637
66.1166	40.4325
62.0939	38.5731
62.6371	34.9696
61.4683	36.7259
61.9332	40.1992
58.7453	40.1098
65.2349	32.1291
61.7954	39.5504
63.6807	42.4537
53.3889	33.3741
62.3386	38.7031
63.2952	38.5722
69.501	44.9565
62.6843	36.7696
48.8205	42.0586
61.1547	41.1952
62.1241	36.809
58.124	36.2971
60.8747	36.3132
66.2177	42.0431
61.5665	40.549
61.7447	36.6176
56.0393	38.949
68.5785	40.9913
62.3433	40.016
60.9091	43.702
62.4343	40.3629
66.8879	38.8617
56.7105	43.7623
65.745	36.5008
59.1955	37.8142
58.8952	43.7524
60.7665	44.7516
60.8601	41.845
66.283	42.0955
60.5891	42.8146
61.5239	31.7684
58.8933	36.6439
61.8053	35.7534
57.7773	43.4308
60.6558	45.8285
62.0955	38.9692
73.819	37.197
63.4661	44.6187
57.1692	44.9353
60.565	44.7537
63.9502	37.144
68.4568	38.064
65.8735	39.9039
61.8157	38.499
61.8869	39.8187
60.3388	40.3039
58.5255	41.5823
63.9507	43.8534
59.4112	39.9331
61.9475	40.0592
57.157	37.5257
65.9297	37.3975
60.3285	44.9307
61.0199	39.4579
59.05	41.8472
63.0904	40.4643
59.1725	40.6549
62.156	39.7789
56.3182	36.7521
59.3879	44.4161
61.6054	37.1666
62.7679	39.5601
60.8195	44.738
61.6737	39.7973
65.012	32.4477
61.6926	39.8697
65.0859	46.0072
64.2157	34.5545
60.1369	41.1415
60.4703	39.2288
72.1905	37.8957
61.9415	39.7644
57.1043	34.7389
65.9191	45.9637
62.9978	40.0626
68.8487	38.3589
59.8053	43.8963
63.5242	35.629
60.5899	41.2428
65.6642	40.7213
61.9924	40.6713
63.0067	37.2798
60.0007	37.7908
58.9164	38.6733
63.0491	37.9017
61.8676	37.7015
63.9613	38.8524
66.9409	41.5893
68.1608	43.6537
64.9968	37.1445
62.9	41.799
65.8884	39.0135
60.5407	42.7914
62.9891	41.4975
62.1778	36.4695
61.0722	41.8243
60.1599	38.854
61.5649	42.9323
62.7206	40.2647
64.3965	36.6316
61.4877	40.2442
60.6486	42.0054
66.8482	35.8452
62.8715	43.4772
19.6462	88.7983
33.597	84.6828
27.2394	83.76
21.1165	82.5505
22.6433	83.7646
21.9686	85.9997
24.2087	84.4255
21.3558	87.3714
24.5144	84.5719
24.7997	87.8582
28.3576	80.9069
22.4676	85.9348
29.8214	82.0903
24.5468	85.9425
22.2704	82.4909
25.0921	81.9639
24.9209	80.1933
23.0591	87.4855
23.4091	87.6039
28.6769	86.2152
22.4789	86.6804
24.5023	84.9247
26.3626	85.1699
25.0198	82.5417
23.1263	86.3308
30.7605	84.0195
27.6635	87.5623
23.0399	84.2538
27.407	79.8617
24.7939	83.101
20.9922	85.0026
30.0726	86.2728
22.2727	77.0963
23.9505	88.5057
29.1561	84.545
22.1122	83.281
19.4258	91.4691
22.8928	85.504
26.4627	80.8661
22.5916	84.3329
24.0221	84.3932
27.66	82.3311
20.4854	81.0013
27.8326	82.9095
24.6047	84.6189
25.1032	87.6118
28.5258	84.8668
26.0943	88.9692
24.5928	86.7228
22.1002	87.0506
29.2872	89.6822
26.1896	89.7475
26.9723	84.9664
24.3941	84.3256
24.937	87.2804
23.712	85.6814
25.7472	84.9587
25.3703	83.4676
23.808	83.0689
22.5991	86.9734
23.1781	79.9444
29.6892	90.1182
23.4604	82.2462
24.1473	86.0854
21.9864	84.2635
23.5901	85.6563
20.7217	87.8249
25.6949	82.047
20.4597	86.3162
32.5275	86.6433
23.9344	81.4789
18.7894	87.1219
25.9973	86.2559
18.9752	86.5463
24.5707	84.4466
18.848	87.0646
30.5915	85.4818
24.2443	85.1797
22.7138	82.4372
22.997	87.8786
28.1971	82.5246
24.1166	84.5204
22.5846	87.4086
28.4077	90.5181
25.8975	83.7353
24.1972	84.0749
24.5602	85.716
22.7363	83.6593
25.7926	93.6947
23.7689	83.951
26.7799	84.7911
20.7552	77.2091
20.1567	88.1003
26.5125	82.0661
27.3165	85.2766
29.021	81.8593
25.6487	86.8899
27.1395	86.2063
25.1958	88.6571
24.9253	85.6047
26.8289	87.8265
29.5375	86.199
25.6316	81.8886
24.647	84.2932
31.4666	84.9163
29.8979	77.4144
19.2885	88.7667
22.7819	90.0986
25.0003	85.9517
24.9857	84.4975
21.8369	85.1387
25.2586	80.6474
28.3017	85.0861
22.8095	84.3338
26.698	82.599
24.1381	84.4402
29.4053	87.822
25.3339	75.0941
24.1413	84.5029
29.4326	80.7584
25.7856	84.6423
24.821	88.6338
21.6846	73.7568
24.4743	83.0888
27.7055	86.0813
27.9923	80.5957
23.5041	82.3732
23.8524	84.2928
24.6453	88.3061
26.059	82.7955
27.4554	84.5338
24.5254	90.7991
29.9821	86.6288
26.112	80.4153
24.6729	87.9602
24.0308	84.4341
22.062	81.9091
26.8926	81.3783
23.4219	84.527
18.8424	84.9785
24.0171	84.394
16.3766	85.9386
19.1257	80.2651
22.4852	93.4148
26.1093	84.4962
22.8711	84.809
18.3478	85.1724
20.108	82.3689
11.859	85.715
26.4798	76.7716
31.3609	86.0065
23.2246	84.4226
23.7757	83.4092
22.2682	80.6314
24.3331	84.4022
19.7362	87.0337
22.9857	84.3917
24.4257	77.6516
22.4083	85.2922
30.9399	83.8744
27.1205	81.762
24.2247	86.4253
23.5337	83.1592
23.2357	81.0798
25.2199	82.8023
26.7049	95.0249
24.5678	82.1691
24.1138	84.4374
24.6182	84.037
26.4175	82.4349
26.6977	88.7963
27.4685	88.3097
24.426	84.706
25.6073	91.759
25.8416	83.5432
24.1687	84.4256
28.2603	84.6165
22.8032	89.3055
22.6949	88.9283
26.4274	81.3041
13.9601	91.4203
22.9131	84.2806
23.6274	86.1302
26.1819	86.3523
20.0005	82.5237
31.0591	84.1778
24.4049	81.771
23.5022	91.1236
25.6512	83.7094
23.6495	86.1569
25.6889	88.0721
25.8528	85.6273
23.3284	86.0085
25.748	84.9037
26.9354	81.1847
22.2445	89.1438
22.2356	84.0843
23.6207	88.6769
17.4371	86.4697
15.9683	83.8958
23.775	83.7381
24.1545	83.8673
25.6082	83.1969
24.6468	83.8071
20.5919	84.4377
26.6111	81.3259
24.4246	84.7589
24.4899	81.2192
21.9316	89.883
25.1866	86.4044
23.8308	79.0723
20.9264	83.6661
24.2519	84.5811
35.1883	89.0475
27.8929	84.2054
24.4027	85.0132
24.857	84.3156
22.4681	85.8432
21.0276	82.4826
22.0884	91.6718
24.0846	84.1609
25.7093	80.1567
23.6749	81.3868
33.2237	91.1313
28.8954	84.6991
23.8084	84.4799
23.6431	84.41
29.9772	82.8655
24.1633	84.6949
23.0107	85.8332
25.6216	90.3741
25.8135	88.0184
23.2331	87.2896
18.3583	78.7453
26.4293	89.0923
21.3208	83.3959
22.4288	93.1476
26.1622	86.9706
29.7183	84.1456
24.1849	81.5141
30.8616	81.1021
22.0931	87.6605
28.9719	86.6638
23.3931	83.8374
22.4694	84.8663
24.0645	85.5514
22.9567	85.5332
24.7613	81.5836
23.9387	84.7822
25.7788	88.0587
24.5532	84.6331
22.4241	82.8996
22.7582	85.6861
24.4618	84.542
21.3775	84.1758
24.3511	83.0743
24.4799	84.1688
21.6061	84.8623
29.4492	83.2336
24.8931	84.496
26.7478	89.4783
22.8715	83.7572
26.9483	84.8608
24.8276	84.4455
23.6987	88.108
22.3732	82.658
23.0149	88.6583
26.5299	85.9533
18.1803	79.9487
24.721	85.9012
26.1633	77.3355
26.237	89.1499
25.0394	84.7577
22.2019	83.9774
23.8328	77.0068
20.8941	86.0169
23.8714	85.8826
24.1005	82.5301
27.0742	84.7836
23.8492	83.3394
31.2726	85.3829
28.6663	84.6902
26.1796	81.9395
25.389	80.7676
24.2415	84.4335
13.4134	84.263
16.3956	83.3732
25.0359	84.9451
29.5357	84.2293
21.8942	84.8326
20.5466	77.8884
25.3899	86.2843
24.4966	84.1126
20.8494	85.0615
22.1126	83.7878
27.1093	86.1412
21.6543	84.2952
25.5185	82.596
25.107	87.7802
26.4565	85.9237
22.8611	83.6717
22.8517	83.7056
19.8583	86.0431
21.5976	83.6025
25.4411	84.809
16.8036	80.7011
29.2194	90.649
24.3951	86.5415
26.0922	78.5987
24.574	81.4541
31.7675	83.8127
27.4505	86.4723
23.0049	86.5536
23.5084	81.8866
17.269	84.7721
22.1706	87.506
23.674	85.3169
29.88	82.4277
26.5246	88.9333
21.9498	85.1932
24.7484	84.6372
28.8675	91.9879
22.928	81.3483
28.2622	87.9222
30.73	83.6132
23.826	88.2489
21.9049	82.5171
21.9321	84.8396
24.0028	84.9354
21.2009	86.4463
24.6857	85.2483
24.5118	81.1283
24.7855	79.4626
25.3655	82.1946
24.1475	85.0889
21.0162	86.0529
20.4922	85.4068
22.5567	85.3078
24.5258	79.9882
25.7134	84.5851
18.7314	81.582
29.4275	17.4786
32.9428	6.6056
32.5938	16.4475
25.3129	15.4296
31.9838	17.0383
24.0213	11.8409
28.3784	17.8305
37.6613	15.9699
33.8717	18.1582
30.4283	18.3656
31.4519	14.6787
27.0899	17.5377
29.1228	10.1272
29.117	11.0147
32.1522	16.3852
20.2627	17.9376
30.7913	9.1419
31.1093	16.9734
32.1775	16.4846
29.4832	12.4284
29.5537	9.1032
38.3044	18.0418
33.857	19.2256
33.7894	17.5289
35.9796	16.592
31.6263	16.3806
32.0972	17.0417
27.786	11.1893
36.7806	12.3963
35.9352	16.2962
35.0964	14.9159
33.2201	18.1702
28.7966	15.0135
34.6942	15.278
23.2784	16.9847
29.2492	9.917
33.4529	16.6765
36.3208	23.8649
19.6795	19.0277
35.3333	11.3156
37.3191	8.847
33.3789	15.1168
33.9732	16.3158
32.1822	18.7102
27.6792	14.1848
30.8044	16.4482
31.1328	15.9477
38.3052	8.9061
31.682	15.0304
31.4479	17.8821
31.0824	14.4943
33.3143	20.0298
30.0672	17.5844
33.9482	15.1261
31.9208	16.4182
32.1645	16.4662
30.8763	16.6511
30.8066	14.5825
36.0143	15.527
34.8893	19.543
31.9283	15.8983
33.2284	19.4186
29.2402	18.4441
36.1227	22.1878
31.3573	10.9221
31.0693	15.4278
34.4482	21.5846
35.8652	18.6358
33.0533	21.4555
32.04	16.002
26.7662	12.7175
39.6583	8.2842
29.2193	12.5417
32.4121	9.6346
32.1344	16.6633
23.4837	15.1054
36.806	7.6739
34.705	15.0472
24.5783	10.9229
40.055	14.4359
34.3217	15.3037
31.5488	16.0339
34.7406	15.5708
33.6845	17.275
35.7014	14.8222
33.1862	16.9092
32.214	16.5212
36.3075	16.2238
31.8738	18.2134
34.6717	17.818
31.1819	14.0674
33.2032	15.7725
30.1983	17.3386
32.1556	16.3352
31.583	10.2777
31.2275	14.5173
32.5861	20.3058
36.0703	15.0999
34.5976	14.8333
32.021	19.1459
31.8665	15.8107
42.5563	16.3524
26.4427	18.8193
34.8177	17.9526
26.543	15.1883
32.0718	15.861
38.0609	18.5976
34.5234	18.8822
36.2027	15.0348
30.0294	17.8772
31.5963	17.4031
33.3787	18.9423
33.7343	15.6614
33.4812	13.7431
34.7492	15.3416
32.4518	16.7369
35.3991	19.3997
27.4321	21.9665
33.5476	18.3897
30.0021	15.9185
38.4591	13.7729
32	16.2605
26.8938	21.187
36.6146	19.6571
35.628	18.5198
32.5767	16.4095
35.048	21.4608
31.4791	16.337
30.2582	13.4124
32.8851	14.7002
34.7039	19.5468
28.9531	14.5743
34.3018	23.996
27.1123	16.3465
32.6959	15.4655
33.2307	18.959
31.0529	14.1617
38.0281	20.5779
41.1606	13.7378
34.8191	16.5419
30.5292	17.526
25.612	14.1529
39.0934	17.042
35.8562	11.265
35.5499	22.4982
36.3437	7.7975
23.2043	17.7614
24.6753	17.517
32.7204	15.2871
37.1685	15.1612
29.1723	17.7824
32.4488	18.0658
34.0048	13.1847
29.5311	11.5
23.9495	16.3949
26.7521	11.9941
40.1396	12.5431
26.093	18.4935
33.6085	17.0252
29.1782	15.9562
30.7616	20.7295
35.291	14.5624
29.4653	10.4623
37.2883	22.2824
31.8707	16.0697
28.1548	17.5184
30.7747	12.8551
33.6991	21.7448
27.0233	19.5701
43.31	13.4861
31.1433	13.4432
37.5353	11.718
31.5146	16.0782
31.1163	16.6821
30.5333	17.1939
33.247	16.1202
30.2266	18.5591
37.0775	14.4355
31.4552	15.1035
34.3145	17.2236
33.1212	16.2496
29.946	14.4708
38.3894	17.988
34.5703	14.986
33.1381	16.266
34.4364	21.394
37.8347	14.488
32.2789	13.756
32.8425	15.9826
34.1137	7.8287
31.7771	15.4916
33.6266	14.8507
34.2066	11.9083
29.7177	8.8467
28.0519	16.535
30.5901	16.6656
28.4757	17.5853
28.1732	22.1764
32.1262	17.8491
34.471	21.3543
31.1408	16.8232
35.65	18.8114
30.4376	22.2294
27.8116	18.5472
24.7892	11.5217
30.6326	16.4202
31.1516	9.4189
32.3747	16.3351
32.1778	15.8339
30.9501	16.6931
33.3942	14.3344
33.9393	20.9145
34.0996	17.0964
31.5333	14.4566
33.2853	16.8141
29.0958	16.8323
29.7731	17.5876
28.0274	18.2662
30.654	19.3434
31.9155	15.985
35.5168	11.4823
27.0201	23.6813
34.763	12.0931
44.6538	18.0119
37.1052	14.7369
40.3365	21.5735
25.8201	15.3095
33.5121	21.4149
28.3786	13.3973
35.3951	13.3923
34.5069	16.5968
36.7079	18.3232
36.3932	22.8249
35.4132	16.185
39.0538	15.7197
33.3805	14.8479
32.5344	15.9885
32.3905	16.8029
27.4495	18.247
30.9684	15.0076
38.1617	15.7
32.2841	16.9735
35.952	13.2845
24.9616	14.4446
32.162	16.995
41.5495	11.6126
33.5742	19.6692
27.1424	25.1323
34.0066	15.25
32.7734	16.3585
34.6079	22.0993
27.6741	14.3844
37.7042	18.2019
40.0055	13.1725
33.2246	17.2932
31.0386	17.1068
32.7569	15.8418
32.4444	16.691
31.7217	16.3896
27.0404	18.308
27.7512	15.192
32.4966	17.0021
30.6421	14.5493
38.2419	11.0392
31.8266	17.1979
32.1245	14.1627
31.8192	17.0844
32.0821	16.5455
32.9029	20.4399
31.1065	21.9934
28.7127	19.2494
28.3571	10.9326
30.8748	19.9866
36.949	16.4369
27.0729	6.7329
27.901	18.1792
28.2957	17.9982
30.8489	14.5929
32.7927	16.8535
32.7022	16.1396
37.6557	10.932
24.8427	14.6381
32.1182	15.0806
31.2337	15.4488
26.8518	18.1514
28.5865	16.7818
27.9251	18.4486
30.6042	6.6361
31.8215	18.001
29.3978	19.7091
33.8044	23.3264
29.3864	24.1877
34.438	18.3817
31.6257	17.1544
24.8779	11.1087
31.3783	17.7198
41.5534	11.0526
29.6164	9.6874
31.567	16.0928
33.9137	16.0334
29.07	19.6285
30.7107	17.476
32.5279	16.8587
32.8423	16.1604
33.3883	27.684
30.8555	13.4011
32.2101	16.4171
30.6357	12.3397
29.2931	12.5341
28.4378	22.347
33.5003	15.1395
26.7212	15.8699
34.3851	19.3618
29.6627	9.3375
33.498	14.39
33.5235	18.0161
36.0945	16.7952
25.7841	19.3878
27.5288	21.2315
33.1798	14.3962
33.3937	5.1121
32.8775	15.6501
31.9829	16.8353
29.3201	19.2871
32.7608	17.7638
33.2562	17.4699
34.8815	15.0017
31.2227	15.9417
32.4337	16.2686
32.3329	9.3955
29.1973	12.7483
25.8779	10.6777
32.536	13.4919
26.7264	15.3034
31.2421	17.0617
29.335	17.5997
27.5459	19.0178
24.4344	18.5382
25.2845	18.1181
35.7923	19.212
38.272	26.3255
32.604	15.6509
16.5104	54.3395
13.9903	59.2241
13.2705	55.7674
11.4311	60.1605
10.246	53.3057
18.5935	55.4627
12.3441	59.4415
9.7216	56.4094
11.0948	53.9533
10.1553	51.7715
13.3023	57.4572
14.457	57.3936
13.6531	55.7658
17.3576	50.7309
17.9189	53.6028
14.1238	55.7986
15.643	61.5117
6.9169	63.149
3.1842	56.5765
14.462	57.537
15.5899	56.1715
13.7451	55.5339
6.8388	57.438
16.629	52.1714
21.0499	52.6471
14.8319	58.4541
13.5336	55.2552
13.6606	56.2296
13.6301	56.9544
11.9386	62.0549
13.9212	55.7713
8.4501	60.4671
17.6602	57.4552
10.5945	52.8795
14.0989	53.7156
13.8449	55.5969
12.8669	57.4591
9.5749	60.2775
13.946	55.726
13.044	56.2623
14.7885	52.7813
5.819	60.8304
15.1701	57.4146
14.8385	53.8149
14.2668	54.4976
14.5251	55.3486
14.2265	54.6135
20.2913	52.5966
19.2564	54.7558
17.924	57.7011
18.284	58.4262
14.4242	55.7674
13.5849	55.0612
10.1427	61.589
14.3265	54.8387
11.2379	54.7679
13.7347	62.2867
13.9146	56.9516
12.5756	57.9609
7.7109	51.2651
13.8073	55.6272
20.2547	60.124
1.9835	57.029
11.8137	57.9149
20.1324	57.4588
11.3259	56.8684
13.9052	61.032
17.7246	57.194
10.7972	60.1191
13.8199	54.1774
22.0156	58.9643
13.7787	56.6189
13.8122	55.723
9.3136	61.3387
15.462	57.6738
13.1523	56.8207
13.6967	56.5662
14.2886	55.6511
12.5005	54.034
13.8965	55.8201
13.9474	56.9485
17.1471	57.6787
15.7138	56.5993
19.8294	55.2987
13.6078	54.7418
14.0164	53.1093
15.6003	50.286
6.7867	54.5392
13.378	53.3275
11.6142	55.0919
14.851	57.9793
17.9224	58.4189
14.9906	54.6909
2.976	55.7873
11.5287	60.2637
20.6561	57.4789
10.8651	52.1409
11.5905	56.0139
12.7373	54.9518
14.1699	53.0028
14.1641	55.7376
11.1855	53.1542
13.658	55.3967
13.7516	55.6818
17.9793	48.3378
10.5568	58.4102
12.584	52.0239
11.7212	56.5692
14.0717	55.4093
13.9033	59.3287
17.2882	57.1145
10.4862	60.8089
15.8366	53.797
13.8525	53.4268
6.9565	59.982
9.4571	52.8963
15.3185	56.2792
14.7599	51.3563
22.3226	54.6198
14.3879	53.665
15.1099	51.8008
10.9317	53.1425
12.7202	52.5948
13.774	61.8961
13.8734	55.7713
10.9912	56.5003
15.806	52.5533
26.0096	53.055
13.4449	55.7556
12.165	59.9844
18.8992	56.3992
20.7218	58.9497
17.983	54.7383
15.2331	52.9689
11.2184	53.0469
16.6904	50.3121
18.3026	54.5377
15.2658	56.9277
17.2116	51.3383
9.5899	53.0846
14.4325	53.8991
16.6597	57.2855
10.5193	59.6017
16.684	56.2425
11.7089	56.1455
14.1718	54.9576
11.7959	53.6156
12.5351	52.9954
14.0706	54.7367
13.8012	55.8263
13.5284	55.5664
14.2663	55.652
11.2673	51.6997
13.7657	61.1252
11.9237	59.1137
18.638	48.7625
11.3099	54.6732
17.6278	55.0602
15.8773	58.8778
14.0962	51.8168
14.4856	55.1807
15.5943	57.6199
15.2584	56.4548
16.5356	57.0715
12.7858	60.9681
25.7984	55.5707
14.9758	56.4768
12.955	56.0106
15.9271	56.8953
15.1374	53.8387
12.903	58.8495
15.543	54.9012
17.2756	61.2694
9.3459	51.4032
9.9569	52.3174
14.808	54.4056
16.9322	57.7938
17.3847	51.4665
13.6418	56.2926
14.0047	54.0043
7.4519	52.7539
14.6681	56.2995
11.0877	56.2558
9.5071	50.3965
13.6232	57.6477
14.612	57.6624
25.9173	54.8593
10.7965	53.5173
10.3153	60.1002
15.8283	57.055
20.6219	60.4081
11.6492	50.9399
9.743	59.8804
19.3275	53.8687
11.686	55.081
17.9834	54.1387
14.3226	52.2375
11.1174	53.935
9.4933	58.8147
13.9434	55.741
13.1532	53.6658
3.8179	53.2155
11.3321	60.6322
12.3905	50.8486
20.1753	56.9116
20.666	57.5002
13.8884	52.9162
13.9636	56.5984
11.0479	59.4587
7.6253	52.9394
16.028	49.3497
16.1475	58.7507
14.9054	55.6986
22.3408	52.0131
15.8596	56.2634
14.1991	53.9522
13.7172	52.3482
16.1154	53.8355
13.0157	58.1286
14.2	55.4964
8.6243	55.9135
13.0883	55.7824
12.7964	53.8935
12.213	56.8886
21.0597	58.9836
13.9847	55.2015
14.7664	55.9632
16.7716	56.2762
13.0657	55.5545
16.5382	51.8876
22.1994	57.5146
8.7236	60.7429
15.4268	54.2573
19.7367	53.5989
13.3094	55.7996
15.5274	55.2551
13.9911	56.1185
14.6924	56.5933
14.6183	62.2188
17.6092	53.1921
18.4402	54.6549
13.9641	55.7503
17.0816	54.7069
15.6474	57.0384
14.6678	55.8942
13.6569	53.213
16.2124	50.0069
12.7503	62.3654
18.2854	53.4283
14.1222	57.2556
17.7665	55.7923
20.1907	51.6078
13.0249	57.9307
16.656	55.9687
13.822	56.0056
13.4725	53.744
12.794	59.0467
14.3592	60.6949
6.4979	53.8104
9.4061	57.6129
7.9285	55.4817
10.3192	55.0021
19.8823	53.8624
14.5758	56.2414
21.1584	59.1058
13.9451	54.958
22.0224	59.2068
15.0404	53.9885
14.2767	53.8646
14.3912	59.5772
18.4412	53.705
5.5359	62.3076
13.7197	55.6522
13.8461	55.8771
8.0673	56.6893
20.3667	57.726
9.4249	60.0812
14.5244	56.1042
9.4458	53.3883
13.0201	56.2734
9.8675	58.0608
13.4422	54.43
14.1771	55.1655
14.1924	55.8399
13.7316	56.2151
14.3363	55.1365
19.7849	57.5524
13.4261	51.9275
12.9997	56.8115
17.0494	56.0892
16.4453	54.4085
12.8788	54.6091
8.8703	57.7217
13.1109	56.8012
9.5074	57.0002
23.2047	52.2748
12.5548	55.2424
14.2563	56.009
11.8391	55.3625
13.2497	59.3125
16.2713	58.6568
12.2296	56.6921
5.6907	58.6609
4.8143	52.387
10.4489	54.2515
13.0582	56.5948
18.0633	57.0302
24.1485	52.3039
17.8005	59.4957
21.1266	53.4538
13.768	55.5667
14.4401	56.5666
10.1722	53.5117
11.5781	59.4942
10.716	53.0936
13.9978	58.7153
17.9931	53.6588
10.5353	58.9239
11.9496	54.3146
14.2575	51.7378
7.6661	53.1044
13.7699	55.6769
15.4964	55.4923
14.2516	55.9062
9.8525	57.9761
16.3925	57.6666
15.3326	55.8408
26.2846	55.959
10.2898	59.2834
13.8349	55.4238
19.3502	55.7364
20.2175	49.5076
15.4162	53.6416
7.7875	51.6899
16.3477	56.1507
13.1874	55.2586
12.0357	56.0737
11.9535	55.1857
11.4108	54.0537
13.6059	55.8213
12.1786	56.4225
23.3105	59.1646
14.976	57.7278
13.9237	54.8782
3.4795	60.6311
14.7663	55.5514
10.8512	52.5986
50.9279	18.0548
49.5165	16.3113
47.4652	19.3224
50.7786	19.9578
56.6666	19.5255
50.6012	17.8372
54.1435	20.6637
50.7311	17.7795
46.1701	18.8438
50.6069	16.9723
47.7155	16.1019
50.5044	18.0646
46.7697	16.8082
51.1868	17.0991
50.0225	17.7559
46.0616	17.481
57.3755	21.8049
54.3616	14.4788
50.9804	17.5714
54.2311	16.1882
47.5944	18.9337
51.775	19.9025
52.0952	16.9184
55.9076	19.077
41.6763	9.6639
54.9384	20.845
54.9147	17.1454
52.088	20.0955
48.4348	20.2813
48.7472	16.6999
50.4728	17.4541
46.5734	11.409
57.0266	18.8032
50.5584	17.6135
51.4739	18.9624
50.0589	18.1466
50.4096	19.2493
55.3118	16.5472
50.2511	20.5121
55.1798	22.1411
50.2737	17.4437
51.3181	17.7419
51.301	14.1058
53.5564	17.7248
51.4551	17.6526
45.003	16.9537
52.1152	15.2439
50.5512	20.3857
50.9928	18.4873
49.0271	21.6725
52.9931	18.0136
50.8228	22.0433
53.4461	17.8056
50.8551	17.4306
54.5365	21.009
51.0414	14.2485
50.7895	17.7445
50.6288	17.799
51.256	22.4816
45.416	10.2568
43.7116	14.8591
51.9003	16.0741
50.9173	17.8051
50.7674	14.7431
51.3562	22.9098
47.3361	18.5066
51.758	17.0329
50.9285	17.462
51.0496	17.4308
43.886	11.4065
53.4702	24.4239
50.4755	15.0226
47.4135	19.933
50.8907	17.3787
50.9651	14.929
49.0956	12.455
49.9637	19.4036
51.5856	14.8316
48.2568	15.901
52.2728	18.4704
49.307	18.9771
48.3807	19.8925
46.9656	15.3741
47.0041	10.2049
57.6965	18.7481
51.523	14.9567
46.947	18.9347
48.4678	12.3623
50.9554	18.6931
48.0787	14.7737
52.3036	12.3677
50.8144	16.7733
51.545	17.322
48.9378	17.2861
49.7406	12.5809
51.4173	13.933
52.0809	17.6718
49.9009	20.5823
50.9773	14.8899
50.5117	14.1877
49.4698	17.6711
50.1334	16.3002
50.25	17.6532
54.6565	15.1576
52.0878	20.9094
48.6891	17.5164
51.2241	16.924
56.9692	18.2365
49.1382	12.2267
45.7033	12.759
53.5453	20.097
43.6641	5.5171
52.0845	17.6291
49.613	17.8113
50.7473	22.767
50.7092	17.5151
49.3714	17.3387
52.8826	15.4067
50.9951	17.6794
50.54	16.0422
47.3316	16.2622
48.9504	14.6224
51.6888	15.2451
50.5128	17.5022
52.0819	18.1586
50.6812	16.7031
49.5032	20.3929
50.8789	17.4256
50.2302	21.0265
51.1106	12.2518
48.6997	16.4803
53.5787	19.9735
54.0364	16.3758
49.6006	19.101
49.7454	17.2375
48.833	17.3837
54.7076	15.6969
50.9956	14.1698
51.6084	17.8725
53.5034	17.2649
52.9858	21.3114
49.6384	16.6644
51.9201	13.9101
57.5022	21.3534
46.9404	18.1944
46.4672	19.3513
49.1609	18.0519
47.0314	17.8936
48.1067	17.2555
50.8797	17.6269
49.1145	20.6344
48.5361	16.9229
47.4527	10.7596
49.9643	17.1625
51.4722	19.0943
47.4641	8.1263
49.5995	16.0032
51.6963	17.4184
52.1006	16.3218
43.4581	12.3267
51.4876	18.2995
50.1416	17.298
51.3991	16.5072
51.29	21.9252
51.0739	12.1103
50.9522	17.4376
50.7862	17.2954
51.2716	18.1316
48.3423	11.1797
50.5603	14.7517
48.2628	17.132
54.179	17.2616
47.3649	17.8184
52.0763	25.0478
49.4	18.9403
53.3931	17.3291
48.511	15.0541
52.8679	19.9079
54.5699	17.4099
51.7495	18.6329
52.0461	17.3217
45.6821	10.5575
49.5388	15.6422
51.4934	21.9169
50.8989	16.8995
50.0474	16.9746
50.4511	14.9234
46.7144	14.7308
51.2733	17.4091
45.2791	15.6805
48.88	19.7919
59.3887	21.0595
56.1725	16.822
52.8011	20.1615
51.4428	22.2503
51.2051	14.522
47.2054	12.9986
50.7959	16.678
51.8068	13.7556
56.111	21.9865
56.3315	21.5613
52.3779	16.3905
49.0037	16.4357
51.9421	15.4681
50.4373	16.5819
51.3957	13.9202
48.6422	17.8919
53.3351	14.7778
51.103	22.1292
49.6069	10.2201
49.6491	17.1534
49.7254	17.194
51.8892	16.5875
48.1083	15.1953
50.7741	17.8883
48.6224	19.6184
50.9039	17.3839
46.2658	7.5167
51.968	20.8378
49.9676	19.6897
48.0876	16.0465
52.1032	17.7084
48.6034	19.6122
50.5225	15.875
48.5968	12.3023
47.8442	12.556
50.2355	16.4119
50.2915	18.3059
49.7211	17.4121
53.7174	19.441
50.5293	19.4591
49.1442	11.6195
47.3202	14.0745
50.5079	21.9082
54.1455	22.3176
52.8938	17.4372
52.8094	17.8343
52.0759	18.4923
53.8994	17.9328
50.7832	18.1513
49.3897	18.9627
51.4408	17.3338
51.4391	15.6592
51.3362	22.3841
44.3618	15.7237
47.7746	16.3845
48.0571	20.415
48.6326	17.4643
50.5384	17.4535
54.122	17.784
52.2869	17.6818
49.7255	18.8783
54.524	22.1008
51.2291	16.9608
57.6158	21.0283
50.8099	17.5066
54.5455	18.2232
53.7836	17.7165
50.8597	17.364
50.7445	19.3647
52.4397	23.9456
52.7753	21.3985
52.8766	23.9937
48.1356	16.2127
54.1498	19.2746
50.6142	17.0513
49.4574	19.8972
47.7901	17.3288
50.9223	17.7592
53.201	17.6195
54.1006	17.5198
49.0355	15.3464
56.6524	17.9796
55.0216	18.4337
51.6085	19.5504
52.3796	21.9588
51.1118	17.5212
44.5043	15.2257
49.7582	19.0801
51.4622	20.6979
47.9631	17.8459
49.6476	14.0337
49.8389	17.8069
50.6361	22.5237
51.9396	17.7174
52.9409	15.7228
50.1111	15.7402
51.4219	16.7014
55.8307	20.3307
54.5957	19.6749
50.808	17.5697
58.99	21.7899
50.9383	16.7302
47.4516	18.9144
49.873	18.3037
47.3093	18.8791
47.1328	17.6297
51.0901	17.5806
55.9809	16.2597
49.9272	16.8413
51.4981	17.2608
51.1289	18.3247
45.546	15.304
51.9962	17.521
53.2549	17.2894
51.6128	17.8722
51.9113	19.4925
50.2877	19.274
52.0782	13.4308
57.4369	20.7483
51.5494	18.8459
48.687	14.6947
48.4395	10.7291
50.4243	23.7336
48.3776	21.3021
53.6623	21.3083
54.4539	18.0391
50.2002	16.6223
50.0801	18.5558
52.567	18.4762
48.1841	20.9337
49.4317	17.0837
52.1153	24.2968
47.3933	19.1767
52.4502	24.8106
48.7952	16.8607
46.0133	17.3081
45.3261	14.8432
49.1792	21.4464
49.7815	16.5151
51.5348	18.475
59.8908	25.4032
55.8478	21.3316
53.8228	16.8834
46.4634	17.3867
51.8675	17.5686
53.3566	21.4619
54.0196	18.0312
50.036	21.354
51.7882	17.5467
54.9642	15.7506
51.1368	17.3673
50.6815	17.3387
50.0192	19.2292
53.3775	16.3036
51.1484	16.0453
48.9062	20.0329
53.7514	17.9689
55.1867	17.0425
40.6184	39.4506
41.7996	40.8162
42.8667	45.1233
42.5386	37.9634
38.8202	40.578
37.0955	32.5071
35.3749	39.1896
39.8629	40.1626
39.3402	40.1018
46.5599	38.347
40.0257	40.4936
44.461	40.0247
39.2046	39.122
41.0506	39.5586
50.8805	42.9073
42.4782	44.9687
38.4467	40.7359
39.7399	40.3186
44.9683	38.8863
38.7756	43.5588
45.1753	38.344
41.4448	42.979
39.4599	40.9068
38.733	40.9037
40.2109	43.0185
39.3825	45.3067
41.2111	41.8466
39.7213	37.7839
36.1159	43.6327
38.3075	44.7616
38.3832	34.0506
40.2227	41.4685
41.1957	39.7796
37.7408	39.5123
41.7231	38.1303
44.2915	42.0573
41.5394	39.694
42.0792	43.0901
39.7791	44.4527
38.5804	39.3101
38.4572	38.8523
40.2069	43.4868
41.4997	43.2597
39.2919	40.5103
39.615	43.0329
43.9145	40.7748
40.124	35.4085
42.4228	44.2208
33.6023	41.6862
35.1352	36.291
41.3549	40.8517
34.1775	42.5156
42.4811	41.33
40.2677	41.2615
41.9118	42.1655
35.4601	35.876
41.0682	34.9328
39.902	40.4042
39.2258	40.5478
35.3941	39.9967
41.1471	44.6824
39.7158	37.0362
43.1117	39.4746
39.5246	39.2783
40.0468	40.5703
35.4094	42.423
35.2429	35.975
35.883	43.1609
38.7039	36.5758
39.5013	38.7179
40.0545	40.4212
43.5067	40.3802
39.4436	45.0912
37.6444	37.1957
43.3463	41.0297
42.6625	47.5977
42.4241	45.2915
39.652	40.561
34.7638	42.9109
37.4797	40.7601
45.167	38.8347
37.3684	41.8326
41.2615	40.3902
39.2428	40.2295
38.9868	41.0718
38.3022	40.9854
46.835	39.5883
37.3339	39.8565
38.3878	37.623
43.4815	38.8041
36.8864	41.1216
32.105	42.2497
27.6794	38.4458
38.3197	40.9869
38.134	40.968
41.5521	36.8125
40.4288	34.9685
36.7922	41.5238
42.2056	38.2193
40.7334	44.5969
37.3917	42.7628
42.2261	37.4345
39.2728	41.1341
33.6585	42.0977
40.173	35.4294
40.1854	40.2867
40.133	39.5538
39.3903	38.7227
39.9188	40.2459
38.951	37.0897
39.9858	40.3574
34.3651	43.875
38.8743	38.8465
39.8246	40.6245
40.0727	39.6769
39.9077	40.3968
40.2071	42.7626
40.5902	39.4724
38.3992	39.8245
37.223	41.2488
41.8086	39.4699
40.0305	46.6024
38.0458	32.9635
33.8347	33.7961
41.1171	42.6853
39.2447	40.8539
37.5233	39.9429
38.5338	44.0797
39.7764	40.6712
41.429	39.3146
39.4846	40.713
40.2252	41.4628
33.2913	38.5678
39.6517	39.4572
38.8479	34.3648
40.5569	41.1933
44.4816	40.9502
39.3659	43.9272
41.5222	43.4798
39.6621	38.1952
41.6893	34.7737
39.898	40.7667
40.4273	42.9948
39.7851	40.0846
44.7192	35.9893
35.0428	39.2503
45.1853	42.0873
40.2566	41.5798
36.2753	36.9848
40.7188	39.6576
38.0139	43.4251
40.9167	44.9719
40.547	39.2374
35.9036	36.5793
39.8617	40.2424
40.8714	39.1412
38.2222	44.1817
40.3751	38.5539
40.0548	40.239
39.3828	40.4314
37.3943	37.6926
39.0182	36.0941
39.1776	40.9868
34.2501	33.632
40.1923	41.7123
34.24	42.609
40.5325	40.7466
36.948	37.7148
41.611	37.4296
40.1162	41.2142
44.2931	43.0123
47.8361	40.952
40.1313	40.5195
35.7466	35.4094
41.7617	41.4816
41.7281	41.0881
47.0047	41.0943
37.8824	43.0343
36.9227	39.7853
39.7918	46.2032
39.7331	40.701
42.781	40.0178
40.1708	40.9924
42.6172	36.3147
40.1411	41.4503
40.9823	41.2908
38.6068	42.2517
39.8255	40.5428
34.6358	38.4801
39.7735	44.8097
34.8847	42.5164
39.4761	46.1494
35.7253	38.8075
40.2267	41.0395
41.5233	44.1297
40.4445	40.2466
40.8224	39.9767
36.9044	37.1649
34.3119	38.2074
41.675	43.5776
38.7103	40.1925
36.82	36.4844
39.3758	43.9738
41.8623	40.4382
40.266	40.6054
42.7749	45.711
40.5356	39.1545
43.2184	39.5118
32.2936	36.8566
40.271	42.4367
45.6025	38.963
39.545	40.7822
37.7941	40.3683
40.7576	43.4017
34.8263	38.6451
39.1966	38.7214
39.2576	40.646
38.0236	46.0907
39.8153	40.7081
39.9942	38.5908
39.8795	47.2619
46.7535	41.6014
37.7758	41.3906
39.8724	40.4179
39.671	37.8698
37.7588	40.267
40.8992	46.2226
42.3371	37.397
41.2861	43.4751
40.316	39.2159
39.5168	40.4189
39.9346	42.3786
40.9244	46.0295
42.9515	39.3708
37.0602	35.3215
35.6739	41.7826
40.8147	43.6628
43.6362	37.9677
39.9291	38.6712
39.6081	39.6707
41.92	40.3389
38.3855	39.0984
37.0252	34.7498
46.0198	40.2706
41.8046	35.8461
40.85	39.3942
39.7618	40.4912
39.266	39.5873
40.6739	40.0918
43.9048	40.37
39.2424	37.5266
37.9128	41.8858
39.197	41.9802
38.9279	42.4006
46.8907	44.8885
41.0601	41.0653
39.6556	40.6492
41.7795	40.5673
37.5971	42.7549
41.4374	43.9977
36.8363	40.9733
40.2081	40.7514
39.9753	40.4222
42.484	47.957
38.1863	41.6651
39.4606	40.1451
38.952	40.65
41.814	41.5328
38.7461	39.4402
39.1384	41.3273
39.1439	39.9819
36.5223	42.2531
40.7189	43.7102
41.5933	42.2485
40.2031	42.6039
42.8513	45.699
38.2396	40.5483
36.8166	42.9422
41.8636	44
41.1674	40.2377
42.4365	37.1987
39.4159	41.1676
37.1548	41.4612
46.0628	43.4107
39.9717	40.3257
36.1875	44.8199
39.3424	39.9084
33.3682	40.1078
37.787	37.755
40.5117	36.4266
45.2398	37.8671
39.7889	39.8501
42.4089	35.264
41.7494	39.2231
40.2851	39.5579
37.6493	36.6302
46.0684	37.1809
44.9571	38.7141
40.5322	41.4743
42.0489	44.8078
37.7975	46.1076
49.2551	43.4649
47.7323	38.4551
35.974	37.9592
42.9653	43.8596
36.1814	41.1086
40.066	40.4811
41.0418	40.9414
39.2162	35.5397
37.6145	41.4107
37.1464	32.8177
37.9593	38.0662
44.8231	38.4406
40.4157	40.6324
42.0616	40.1526
39.8985	41.3427
40.0538	40.702
39.153	39.8743
40.8182	40.8351
43.5926	40.8504
41.109	43.5389
39.8311	38.3357
40.9291	43.1539
39.946	39.941
40.0473	40.8327
39.9693	39.5271
43.1437	43.6764
31.2123	41.9763
41.1053	43.2808
40.1616	40.4245
36.4455	43.6191
40.7833	40.2474
36.7864	44.2851
43.787	37.5761
30.8726	37.1721
41.8996	38.9541
37.1498	39.312
40.7429	39.9155
38.0749	40.386
39.9997	41.1205
37.7215	41.8429
38.0202	39.6671
43.6034	38.5951
39.521	35.7805
41.5136	44.6807
31.5013	31.8367
37.2424	41.3163
34.0966	42.048
35.4767	41.7464
38.7165	40.4027
85.4654	54.9222
88.926	54.1423
87.0826	52.4625
86.8025	56.9296
86.1364	59.8127
82.5141	53.5997
90.664	58.7296
90.6396	53.5803
88.7896	55.8572
81.7776	52.56
84.4066	54.6029
84.8976	55.8706
89.7131	60.4582
84.512	54.983
87.2241	55.6733
85.7818	53.4525
79.4265	59.4573
85.7126	54.8151
84.2786	61.4034
88.9975	58.9361
84.113	52.9745
81.3561	58.3156
85.5603	54.2414
88.7556	53.1797
83.7032	50.9264
85.2037	64.9724
79.3791	58.1315
90.445	53.3427
87.9722	55.0246
83.9088	52.846
86.9369	53.6868
87.1873	50.9094
90.0991	49.7149
91.9544	54.1255
86.052	54.4023
86.3042	55.789
88.9805	52.2039
87.9031	48.9881
85.2918	55.2112
90.384	58.6229
93.2662	53.7069
90.8506	54.9611
86.7533	54.229
84.4617	49.9013
86.2002	53.4006
88.3981	60.7581
86.4265	54.9505
88.3062	54.7498
86.087	54.6516
89.5565	50.1871
84.3344	60.4964
86.4059	54.5894
83.0888	54.4022
85.8819	54.4904
85.3562	53.162
87.3791	60.6643
85.9213	53.804
84.1843	50.3359
84.2719	50.6205
84.7904	57.4114
86.3859	54.6898
88.8919	53.5805
85.5045	54.7633
86.3102	54.5783
82.9747	53.0312
85.0607	56.5348
81.0277	52.0837
87.9104	59.5389
84.0406	53.8772
83.8367	53.6676
83.7457	51.8745
86.1519	53.1277
81.6056	54.2574
86.2534	54.7936
80.8555	60.0511
86.2571	55.0965
83.201	55.408
88.2403	53.471
84.002	56.8424
86.503	54.115
84.6594	52.2941
89.0223	55.6874
87.3136	51.3309
84.6622	55.3552
90.577	53.1812
80.3216	57.7565
91.4183	62.0056
87.751	55.5087
86.1193	57.3954
84.0994	57.8455
87.564	56.1262
87.6782	53.6438
84.9501	55.2769
86.6973	55.0375
90.6382	53.4459
82.2722	55.3764
86.1656	54.5794
85.6991	54.6255
86.5081	55.1012
89.568	60.9341
86.7801	54.8156
84.6324	55.7586
84.0059	53.4876
86.0473	54.5982
93.7823	54.0173
88.6532	50.0026
90.4133	53.4915
88.0545	50.6175
83.3499	50.4718
85.4979	53.9793
81.8739	54.5052
82.5596	63.9465
83.8036	54.2999
84.6216	52.8037
85.079	52.574
86.404	53.8985
86.9818	54.3227
87.9309	56.1548
86.0563	53.4839
84.6082	54.1026
86.0151	54.3055
84.7292	55.9228
83.8239	57.6018
83.7307	54.8214
85.3093	58.6321
88.4326	47.9802
83.8978	62.233
84.2903	56.7914
83.249	45.068
84.4948	56.3321
85.9577	54.4625
90.8409	59.1215
81.9843	57.0485
87.5625	59.9766
88.778	53.6497
88.4613	50.7507
84.9858	52.4682
84.6741	53.9481
87.063	51.6603
84.3111	58.1603
86.9718	53.6928
85.7648	51.164
88.1571	53.2467
86.023	52.8054
86.1966	56.2885
89.8736	54.8642
96.1951	57.7029
86.6878	50.1919
87.4791	55.9085
87.4239	59.4786
91.5504	52.7751
75.8172	60.8152
85.9515	50.5303
86.1033	50.7671
83.788	44.4574
82.7672	54.5966
86.996	56.2146
85.8151	54.8242
87.744	52.9137
82.1835	56.4313
84.6371	57.853
82.9482	47.5863
86.0507	52.6669
87.8696	53.0134
83.7312	57.2687
88.6773	50.9047
87.9805	54.7494
85.9679	54.1785
91.0683	61.2854
86.0863	54.606
87.411	54.1972
79.0149	56.5157
87.3984	58.0836
87.3742	44.8214
89.4785	44.0382
87.4312	57.4582
87.9902	51.8647
85.1462	52.6597
83.9012	55.0376
80.8097	50.2521
87.95	59.0791
86.4721	54.8447
86.6044	58.475
87.6151	58.2116
81.925	51.7655
80.7278	56.6392
87.2033	55.8924
89.4268	53.2597
84.6752	61.3846
85.0478	56.623
84.9777	53.1138
82.3584	56.8458
82.3202	61.9103
84.3715	56.8319
86.1023	54.5953
88.9743	56.0547
86.2785	57.9661
88.0833	53.7039
85.4374	55.0707
84.2616	51.5205
86.0721	54.7751
83.1024	50.5776
82.924	59.1428
86.0384	55.5572
85.3348	52.5893
84.9118	57.1562
85.6167	54.2249
85.3874	56.025
83.8808	52.4944
81.4561	57.5281
77.3292	53.1652
89.1515	52.0429
80.5884	54.9492
83.3437	55.6713
84.3432	49.0725
79.1355	52.9644
86.5157	56.2132
92.0249	55.1171
80.8777	51.2952
89.8916	63.0099
86.3706	49.1401
85.7231	55.1055
87.7413	54.1536
83.8821	56.3842
85.4037	52.889
82.4475	51.8063
85.736	56.2228
85.6437	53.2452
86.2117	60.0081
83.928	53.9324
88.5379	60.3686
85.9185	55.3
86.502	55.0686
88.2007	59.3653
86.1027	54.6004
84.6772	50.9036
84.4627	55.6401
86.1069	54.8327
85.4342	54.1611
84.4086	53.13
92.3996	59.4948
83.2154	55.9403
80.3202	54.9001
85.6619	54.4008
89.7286	55.8004
85.1216	51.6166
85.8537	54.8576
82.8001	52.4067
84.9327	54.8496
85.8278	54.4519
79.3875	47.3793
76.6617	54.8142
84.7728	57.6707
85.8418	54.6935
81.684	53.9239
85.2687	54.0692
86.1927	56.2723
89.2382	51.3991
81.1745	46.1099
80.0152	57.6217
87.0139	56.6584
85.9492	57.2224
83.0226	48.3466
85.0674	53.3083
83.4632	54.1216
89.9052	52.6048
92.5485	59.6955
89.3145	55.14
83.9493	52.115
88.3434	58.1923
87.338	49.5161
76.5011	60.7246
89.8578	61.2291
90.6772	51.0158
85.8325	58.6062
79.5909	46.2864
81.2634	55.4848
84.6841	53.3595
81.0817	50.954
82.6192	57.7784
85.6552	54.5271
84.8628	50.3773
78.4291	58.1417
89.0613	56.7037
87.0936	57.5427
85.1166	53.2382
87.1544	59.2403
87.0337	53.4303
81.958	54.59
91.2649	49.8734
87.0214	55.6246
85.3279	56.0714
85.7319	54.3529
87.8519	60.6677
85.8057	54.2933
86.0375	54.4804
88.8111	52.5539
89.2877	54.4283
78.8776	58.293
87.5311	54.2259
87.5248	46.2524
83.5831	55.5864
88.5828	58.6348
91.6704	60.9548
89.3991	54.4467
86.6352	53.5933
87.2247	49.4281
83.2372	60.007
90.2302	51.417
87.7298	56.5604
87.3636	51.0687
85.4818	55.4389
91.5666	50.6439
90.5849	52.4809
86.2062	54.5736
87.1981	64.9086
90.0829	59.025
85.9419	54.6754
85.5983	53.4803
91.6082	51.7633
87.4877	53.5143
88.5963	52.8959
85.3439	51.8568
85.5177	62.6376
81.4249	48.8483
85.7283	54.8467
86.5489	54.892
91.3686	57.6892
88.0275	56.4545
86.1381	54.6835
88.0958	58.8608
86.8979	52.8502
87.2237	55.5834
86.1868	54.9168
83.6951	54.6244
83.6874	55.5991
76.9546	55.4722
85.5074	54.2557
86.8128	56.8529
87.8859	54.0155
85.2267	49.822
87.4125	54.3036
84.6646	54.8548
85.1517	54.1076
80.6888	49.2319
83.1779	57.7161
86.0259	54.5444
89.2423	53.0999
83.8442	50.678
85.3291	55.7685
73.0887	82.5972
64.5233	92.7201
64.5563	81.948
57.3324	87.8802
69.3699	82.2637
64.9412	85.6993
68.4558	87.8573
65.6658	85.4609
65.1506	85.6097
61.8405	84.2859
66.728	76.5619
60.0996	89.0782
67.4463	86.2486
67.6694	85.1597
62.0685	88.0813
71.659	87.4975
72.1401	95.188
65.7094	85.764
64.4693	86.7371
63.3601	86.1482
67.3646	85.7346
65.7184	85.5509
70.8244	87.1834
65.9081	86.056
65.7811	88.5904
64.2843	90.9185
70.9303	89.7538
61.0505	85.1476
61.2648	77.228
67.3196	81.2941
67.3267	88.3727
69.4451	86.3981
67.8869	90.2492
69.0018	81.928
67.7983	89.0077
63.9997	86.5965
70.9254	84.7444
67.9799	85.868
66.4355	83.1472
65.9166	86.1665
69.2386	86.3386
68.8076	83.3905
68.0506	84.0053
64.184	88.6745
67.3292	85.7105
62.2212	86.0015
73.6557	89.7961
66.8234	88.6696
67.5013	87.6331
67.5902	85.3961
69.5092	82.0091
73.0287	89.707
69.1716	87.3426
72.2404	95.2207
67.8606	87.8004
66.4156	84.6474
68.8118	91.1574
67.4492	86.123
67.5382	83.6312
66.4639	92.5795
62.6334	85.2383
66.969	84.211
65.3177	81.9935
67.4265	86.1435
67.7404	88.3871
67.2212	86.0894
71.5956	90.0724
67.4236	87.7152
67.9818	86.0064
57.8509	92.3881
68.0381	82.3757
72.0629	81.6515
64.021	90.2029
67.1772	86.0357
61.8009	86.7493
67.2628	88.2986
68.0261	86.3401
68.21	85.3708
68.1049	84.6975
66.8567	85.6554
65.6957	87.1011
66.2293	87.259
67.3953	83.5926
71.8544	88.8401
64.859	91.7839
69.9124	82.4089
66.8367	85.5686
67.5866	86.8784
70.0098	89.4685
68.3156	87.7209
66.1357	80.1817
78.9095	89.5634
67.3332	85.7517
62.7452	83.5854
67.2059	86.0501
66.5048	85.4911
68.358	87.2374
66.8839	88.2598
68.251	90.5902
67.1235	85.6653
68.0228	84.3225
66.2249	91.805
67.4961	86.5594
67.9211	88.667
67.622	85.8214
56.7861	85.6582
66.8228	85.8122
68.2241	85.0176
71.2262	85.6869
67.1325	85.6592
68.0592	85.8526
68.3098	84.7245
64.6816	82.9778
67.5633	86.3416
67.7551	86.0007
68.3656	84.2406
67.8195	86.0537
70.0747	82.1557
67.9054	89.8217
67.636	86.6112
66.5308	86.8551
66.5775	84.5662
66.0459	86.0658
67.0119	85.9029
67.2068	87.4862
64.4301	92.5034
70.4574	86.6263
66.566	82.8338
68.0579	83.6946
68.2053	85.341
67.2544	85.9978
71.3088	88.0834
68.0969	83.8864
67.4151	85.354
66.4903	83.915
64.1902	75.5287
68.361	91.0782
67.6962	89.743
59.472	84.8457
65.8748	77.768
70.0341	86.973
64.0432	83.7036
66.8519	86.0048
67.2668	86.1428
63.8004	83.7697
67.3071	85.6021
66.8772	85.857
63.6871	92.941
59.9612	85.921
73.9318	81.0528
65.4937	78.1879
66.3095	94.9045
65.8734	88.3214
64.7968	87.7873
68.2699	85.1115
68.4739	88.4934
66.762	85.5461
61.6281	84.5406
69.7161	84.0318
67.9237	86.2389
66.426	85.9029
67.4121	85.8589
70.0962	92.7047
72.3397	85.9761
64.823	85.7418
67.7896	86.7053
68.0828	83.9011
68.0757	82.6912
67.3826	88.0137
69.4897	83.4591
68.3585	90.5984
67.1609	81.5681
66.9748	86.3109
67.4659	86.0894
65.9734	84.4127
65.6156	86.8643
65.3258	86.0766
68.4131	89.8331
66.6516	85.9837
65.5237	87.1554
65.3592	95.9882
65.928	84.5579
64.6422	90.0526
62.758	84.0406
60.4546	84.7329
63.1316	83.7043
70.5518	92.5936
66.2898	88.4734
71.8088	85.2181
66.6315	87.2311
71.0082	88.16
67.4433	86.0605
68.5821	81.6579
67.8856	85.0293
66.9427	84.6395
68.7043	80.6921
65.7981	86.6945
67.648	86.0779
70.4065	83.2648
66.9178	86.6011
69.3783	86.0206
68.3027	87.6064
67.0957	81.0768
67.4134	90.8464
63.7665	85.8741
66.4325	87.7878
66.4025	80.1796
67.28	87.4378
68.5124	87.3363
67.4496	87.0664
68.4602	82.3981
67.7769	84.1641
65.1576	86.518
65.072	81.744
67.4472	86.033
67.3028	86.0593
68.3413	86.1559
66.9638	84.2011
67.4365	86.0819
68.736	86.2438
66.2684	81.3662
67.3242	88.6958
67.4311	85.9933
59.558	79.8572
63.6769	85.4047
68.5551	79.8742
66.3945	82.849
71.7187	88.3275
70.6906	88.5612
67.5988	84.1317
67.1976	86.463
66.9366	86.9654
65.1216	81.5098
67.6767	83.2479
65.7879	85.7942
66.5828	86.8934
67.4905	87.6286
64	86.3831
67.2818	88.1943
63.48	82.3669
65.859	88.6551
63.9463	84.7461
62.5416	86.8848
67.2266	86.2875
72.3173	87.2525
68.8098	90.8495
67.341	86.3889
67.9788	88.9464
61.5826	86.3168
59.8671	85.4219
75.3254	84.0123
66.943	90.5798
72.6847	87.5488
64.8443	84.534
67.4114	97.0756
67.5551	95.6849
67.7459	89.672
63.4004	89.5206
65.3745	80.9028
68.242	84.6881
66.6636	85.8686
68.2481	87.9399
65.6834	88.5944
71.8257	85.7481
67.2598	85.6928
69.3997	77.4817
61.2392	91.6853
67.1444	86.0206
67.1404	85.724
68.9628	86.8984
70.457	84.5515
65.2233	88.6054
70.5929	85.1313
68.2315	84.3851
66.7131	84.923
70.7894	90.45
64.9345	86.4613
62.9998	87.7765
65.9542	84.0985
62.1278	88.8326
68.2304	87.6841
67.9747	86.0939
66.3049	84.3538
67.2876	84.4123
68.9948	85.0548
69.6257	89.4819
62.9377	85.3726
65.8034	89.7179
69.6808	86.6039
69.9668	86.3774
66.9697	85.9388
60.6506	76.6728
67.2474	86.8765
69.7011	85.6357
70.8262	94.5359
65.3181	88.6417
67.4521	86.1127
72.9194	85.6897
66.3168	85.9429
64.4843	83.8626
67.2797	84.3231
68.0677	86.8629
61.4497	83.0844
64.6671	85.7872
67.9242	85.3941
66.5697	92.9571
74.9941	91.6922
60.2365	91.6673
68.4537	84.3821
69.4308	90.4062
73.1712	87.8998
66.7713	84.7241
73.0383	87.9136
68.9363	81.7577
72.8743	85.0843
68.3941	91.5579
72.2463	88.2675
67.0519	87.001
68.3252	85.8182
66.9288	86.0515
67.5357	87.085
67.3449	86.0643
68.7325	88.3004
60.3472	89.4573
66.9713	85.1017
69.3362	83.7786
60.5535	92.5341
68.7078	79.1051
67.2387	80.0443
68.3048	93.7776
71.3579	87.9202
57.1669	87.3544
69.526	82.4882
70.2654	84.1548
60.1619	82.5604
56.4416	87.8492
70.3773	87.0419
67.4931	87.0112
67.314	86.4863
68.1053	89.2766
68.3321	87.3932
70.1017	93.1252
64.5677	81.4395
67.7362	85.3471
65.9046	93.0099
66.5426	85.394
69.1827	86.3963
65.0661	86.1267
59.9647	85.8702
68.4091	84.2566
